qseqid	sseqid	pident	length	mismatch	gapopen	qstart	qend	sstart	send	evalue	bitscore	stitle
AL1G59830	scaffold_1_RagTag	89.349	2704	145	60	1	2633	24089763	24092394	0	3265	73_3a_fixed_genome_15_1_24
AL1G59840	scaffold_1_RagTag	96.786	1369	15	8	1	1347	24115800	24117161	0	2257	73_3a_fixed_genome_15_1_24
AL1G59840	scaffold_1_RagTag	89.796	49	5	0	829	877	24116587	24116635	1.57e-08	63.9	73_3a_fixed_genome_15_1_24
AL1G59840	scaffold_1_RagTag	97.143	35	1	0	783	817	24116647	24116681	2.03e-07	60.2	73_3a_fixed_genome_15_1_24
AL1G59840	scaffold_6_RagTag	82.407	108	17	1	1243	1348	19821016	19821123	2e-17	93.5	73_3a_fixed_genome_15_1_24
AL1G59840	scaffold_6_RagTag	81.731	104	17	1	1243	1344	20089430	20089327	3.35e-15	86.1	73_3a_fixed_genome_15_1_24
AL6G45960	scaffold_6_RagTag	99.69	646	2	0	1	646	19820502	19821147	0	1182	73_3a_fixed_genome_15_1_24
AL6G45960	scaffold_6_RagTag	88.028	142	13	2	506	643	20089439	20089298	1.96e-39	165	73_3a_fixed_genome_15_1_24
AL6G45960	scaffold_1_RagTag	82.883	111	17	1	515	625	24117057	24117165	2.02e-19	99	73_3a_fixed_genome_15_1_24
AL6G46350	scaffold_6_RagTag	98.957	1055	7	2	1	1054	20089268	20090319	0	1884	73_3a_fixed_genome_15_1_24
AL6G46350	scaffold_6_RagTag	92.035	113	9	0	63	175	19821119	19821007	1.59e-37	159	73_3a_fixed_genome_15_1_24
AL6G46350	scaffold_6_RagTag	100	59	0	0	1051	1109	20090341	20090399	1.63e-22	110	73_3a_fixed_genome_15_1_24
AL6G46350	scaffold_1_RagTag	81.25	112	19	1	55	166	24117166	24117057	2.12e-16	89.8	73_3a_fixed_genome_15_1_24
AL6G46470	scaffold_6_RagTag	96.883	738	12	7	1	731	20127415	20128148	0	1225	73_3a_fixed_genome_15_1_24
AL6G46470	scaffold_6_RagTag	98.043	562	6	2	732	1292	20128196	20128753	0	972	73_3a_fixed_genome_15_1_24
AL6G46470	scaffold_8_RagTag	98.292	527	4	3	634	1160	12518849	12519370	0	918	73_3a_fixed_genome_15_1_24
AL8G22560	scaffold_8_RagTag	100	268	0	0	1	268	12519288	12519021	2.4e-139	496	73_3a_fixed_genome_15_1_24
AL8G22560	scaffold_6_RagTag	99.254	268	2	0	1	268	20128538	20128271	5.2e-136	484	73_3a_fixed_genome_15_1_24
AL1G59830	scaffold_1_RagTag	89.452	2702	145	59	1	2633	25680549	25683179	0	3282	AL08_v2_f
AL1G59830	scaffold_1_RagTag	90.663	1885	76	24	1	1843	25694234	25696060	0	2414	AL08_v2_f
AL1G59830	scaffold_1_RagTag	93.867	799	37	6	1836	2630	25697060	25697850	0	1194	AL08_v2_f
AL1G59840	scaffold_1_RagTag	97.005	1369	14	6	1	1347	25700238	25701601	0	2276	AL08_v2_f
AL1G59840	scaffold_1_RagTag	89.796	49	5	0	829	877	25701026	25701074	1.44e-08	63.9	AL08_v2_f
AL1G59840	scaffold_1_RagTag	97.143	35	1	0	783	817	25701086	25701120	1.86e-07	60.2	AL08_v2_f
AL1G59840	scaffold_6_RagTag	82.407	108	17	1	1243	1348	20593794	20593901	1.83e-17	93.5	AL08_v2_f
AL1G59840	scaffold_6_RagTag	81.731	104	17	1	1243	1344	20823525	20823422	3.07e-15	86.1	AL08_v2_f
AL6G45960	scaffold_6_RagTag	99.382	647	3	1	1	646	20593279	20593925	0	1171	AL08_v2_f
AL6G45960	scaffold_6_RagTag	89.286	140	13	2	506	643	20823534	20823395	2.99e-42	174	AL08_v2_f
AL6G45960	scaffold_1_RagTag	82.883	111	17	1	515	625	25701497	25701605	1.85e-19	99	AL08_v2_f
AL6G46350	scaffold_6_RagTag	97.231	614	0	6	1	603	20823365	20823972	0	1024	AL08_v2_f
AL6G46350	scaffold_6_RagTag	95.264	549	3	2	583	1109	20824112	20824659	0	848	AL08_v2_f
AL6G46350	scaffold_6_RagTag	92.035	113	9	0	63	175	20593897	20593785	1.46e-37	159	AL08_v2_f
AL6G46350	scaffold_1_RagTag	81.25	112	19	1	55	166	25701606	25701497	1.94e-16	89.8	AL08_v2_f
AL6G46470	scaffold_6_RagTag	98.3	1294	13	6	1	1292	20885990	20887276	0	2259	AL08_v2_f
AL8G22560	scaffold_6_RagTag	99.254	268	2	0	1	268	20887061	20886794	4.76e-136	484	AL08_v2_f
AL1G59830	scaffold_1_RagTag	98.346	2358	25	4	1	2347	28874976	28877330	0	4126	al1_v2_s
AL1G59830	scaffold_1_RagTag	89.359	2697	147	53	1	2630	28861796	28864419	0	3262	al1_v2_s
AL1G59830	scaffold_1_RagTag	90.719	2004	110	33	572	2526	28870534	28872510	0	2601	al1_v2_s
AL1G59830	scaffold_1_RagTag	95.938	517	9	6	1	507	28869868	28870382	0	828	al1_v2_s
AL1G59830	scaffold_1_RagTag	98.611	288	2	1	2346	2633	28879279	28879564	3.38e-142	508	al1_v2_s
AL1G59830	scaffold_1_RagTag	95.652	115	5	0	2519	2633	28872917	28873031	6.46e-45	185	al1_v2_s
AL1G59830	scaffold_1_RagTag	96.341	82	3	0	503	584	28870433	28870514	6.6e-30	135	al1_v2_s
AL1G59840	scaffold_1_RagTag	97.661	1368	7	5	1	1347	28890386	28891749	0	2326	al1_v2_s
AL1G59840	scaffold_1_RagTag	89.796	49	5	0	829	877	28891174	28891222	1.6e-08	63.9	al1_v2_s
AL1G59840	scaffold_1_RagTag	94.286	35	2	0	783	817	28891234	28891268	9.64e-06	54.7	al1_v2_s
AL1G59840	scaffold_6_RagTag	80.769	104	18	1	1243	1344	23244013	23243910	1.59e-13	80.5	al1_v2_s
AL1G59840	scaffold_6_RagTag	79.63	108	20	1	1243	1348	22907921	22908028	2.06e-12	76.8	al1_v2_s
AL6G45960	scaffold_6_RagTag	97.833	646	13	1	1	646	22907408	22908052	0	1114	al1_v2_s
AL6G45960	scaffold_6_RagTag	87.943	141	14	2	506	643	23244022	23243882	7.19e-39	163	al1_v2_s
AL6G45960	scaffold_1_RagTag	82.883	111	17	1	515	625	28891645	28891753	2.06e-19	99	al1_v2_s
AL6G46350	scaffold_6_RagTag	95.557	1148	3	5	1	1109	23243852	23244990	0	1794	al1_v2_s
AL6G46350	scaffold_6_RagTag	88.71	124	11	3	55	175	22908035	22907912	3.52e-34	148	al1_v2_s
AL6G46350	scaffold_1_RagTag	81.25	112	19	1	55	166	28891754	28891645	2.16e-16	89.8	al1_v2_s
AL6G46470	scaffold_6_RagTag	98.358	731	7	5	1	731	23332985	23333710	0	1279	al1_v2_s
AL6G46470	scaffold_6_RagTag	97.865	562	7	2	732	1292	23333758	23334315	0	966	al1_v2_s
AL8G22560	scaffold_6_RagTag	98.881	268	3	0	1	268	23334100	23333833	2.47e-134	479	al1_v2_s
AL1G59830	scaffold_1_RagTag	89.452	2702	145	59	1	2633	26585955	26588585	0	3282	AL27_v1
AL1G59840	scaffold_1_RagTag	97.005	1369	14	6	1	1347	26595353	26596716	0	2276	AL27_v1
AL1G59840	scaffold_1_RagTag	89.796	49	5	0	829	877	26596141	26596189	1.45e-08	63.9	AL27_v1
AL1G59840	scaffold_1_RagTag	97.143	35	1	0	783	817	26596201	26596235	1.87e-07	60.2	AL27_v1
AL1G59840	scaffold_6_RagTag	82.407	108	17	1	1243	1348	20325948	20326055	1.84e-17	93.5	AL27_v1
AL1G59840	scaffold_6_RagTag	81.731	104	17	1	1243	1344	20580635	20580532	3.08e-15	86.1	AL27_v1
AL6G45960	scaffold_6_RagTag	99.69	646	2	0	1	646	20325434	20326079	0	1182	AL27_v1
AL6G45960	scaffold_6_RagTag	89.928	139	12	2	506	643	20580644	20580507	2.32e-43	178	AL27_v1
AL6G45960	scaffold_1_RagTag	82.883	111	17	1	515	625	26596612	26596720	1.86e-19	99	AL27_v1
AL6G46350	scaffold_6_RagTag	96.994	1131	4	4	1	1109	20580477	20581599	0	1873	AL27_v1
AL6G46350	scaffold_6_RagTag	92.035	113	9	0	63	175	20326051	20325939	1.47e-37	159	AL27_v1
AL6G46350	scaffold_1_RagTag	81.25	112	19	1	55	166	26596721	26596612	1.95e-16	89.8	AL27_v1
AL6G46470	scaffold_6_RagTag	97.509	562	8	3	732	1292	20633266	20633822	0	955	AL27_v1
AL6G46470	scaffold_6_RagTag	95.204	417	7	3	1	417	20632806	20633209	0	647	AL27_v1
AL8G22560	scaffold_6_RagTag	99.245	265	2	0	1	265	20633607	20633343	2.23e-134	479	AL27_v1
AL1G59830	scaffold_1	89.349	2704	146	59	1	2633	24957456	24960088	0	3267	ALR.ragtag.scaffold_chr_15_1_24.masked
AL1G59840	scaffold_1	96.932	1369	15	6	1	1347	24967872	24969235	0	2270	ALR.ragtag.scaffold_chr_15_1_24.masked
AL1G59840	scaffold_1	89.796	49	5	0	829	877	24968660	24968708	1.56e-08	63.9	ALR.ragtag.scaffold_chr_15_1_24.masked
AL1G59840	scaffold_1	97.143	35	1	0	783	817	24968720	24968754	2.01e-07	60.2	ALR.ragtag.scaffold_chr_15_1_24.masked
AL1G59840	scaffold_6	83.333	108	16	1	1243	1348	24704415	24704522	4.27e-19	99	ALR.ragtag.scaffold_chr_15_1_24.masked
AL1G59840	scaffold_6	81.731	104	17	1	1243	1344	24957068	24956965	3.32e-15	86.1	ALR.ragtag.scaffold_chr_15_1_24.masked
AL6G45960	scaffold_6	95.878	655	16	4	1	646	24703894	24704546	0	1050	ALR.ragtag.scaffold_chr_15_1_24.masked
AL6G45960	scaffold_6	89.928	139	12	2	506	643	24957077	24956940	2.5e-43	178	ALR.ragtag.scaffold_chr_15_1_24.masked
AL6G45960	scaffold_1	82.883	111	17	1	515	625	24969131	24969239	2e-19	99	ALR.ragtag.scaffold_chr_15_1_24.masked
AL6G46350	scaffold_6	96.463	1131	6	4	1	1109	24956910	24958028	0	1836	ALR.ragtag.scaffold_chr_15_1_24.masked
AL6G46350	scaffold_6	92.92	113	8	0	63	175	24704518	24704406	3.4e-39	165	ALR.ragtag.scaffold_chr_15_1_24.masked
AL6G46350	scaffold_1	81.25	112	19	1	55	166	24969240	24969131	2.1e-16	89.8	ALR.ragtag.scaffold_chr_15_1_24.masked
AL6G46470	scaffold_6	97.764	1297	15	8	1	1292	25020930	25022217	0	2222	ALR.ragtag.scaffold_chr_15_1_24.masked
AL8G22560	scaffold_6	99.254	268	2	0	1	268	25022004	25021737	5.16e-136	484	ALR.ragtag.scaffold_chr_15_1_24.masked
AL1G59830	scaffold_1_RagTag	98.336	2644	23	6	1	2633	28850837	28853470	0	4619	BAM12_v2
AL1G59830	scaffold_1_RagTag	90.398	2739	129	36	1	2633	28840361	28843071	0	3478	BAM12_v2
AL1G59830	scaffold_1_RagTag	90.962	863	53	12	1444	2291	28832858	28833710	0	1138	BAM12_v2
AL1G59830	scaffold_1_RagTag	88.523	819	39	17	1	802	28832077	28832857	0	941	BAM12_v2
AL1G59830	scaffold_1_RagTag	93.948	347	16	4	2284	2630	28834962	28835303	1.55e-145	520	BAM12_v2
AL1G59840	scaffold_1_RagTag	96.87	1374	14	5	1	1347	28876397	28877768	0	2272	BAM12_v2
AL1G59840	scaffold_1_RagTag	89.796	49	5	0	829	877	28877184	28877232	1.6e-08	63.9	BAM12_v2
AL1G59840	scaffold_1_RagTag	94.286	35	2	0	783	817	28877244	28877278	9.6e-06	54.7	BAM12_v2
AL1G59840	scaffold_6_RagTag	80.769	104	18	1	1243	1344	22334732	22334629	1.58e-13	80.5	BAM12_v2
AL1G59840	scaffold_6_RagTag	79.63	108	20	1	1243	1348	22009970	22010077	2.05e-12	76.8	BAM12_v2
AL6G45960	scaffold_6_RagTag	93.161	658	32	6	1	646	22009445	22010101	0	953	BAM12_v2
AL6G45960	scaffold_6_RagTag	87.943	141	14	2	506	643	22334741	22334601	7.17e-39	163	BAM12_v2
AL6G45960	scaffold_1_RagTag	82.883	111	17	1	515	625	28877664	28877772	2.05e-19	99	BAM12_v2
AL6G46350	scaffold_6_RagTag	95.304	1150	4	5	1	1109	22334571	22335711	0	1779	BAM12_v2
AL6G46350	scaffold_6_RagTag	88.71	124	11	3	55	175	22010084	22009961	3.51e-34	148	BAM12_v2
AL6G46350	scaffold_1_RagTag	81.25	112	19	1	55	166	28877773	28877664	2.16e-16	89.8	BAM12_v2
AL6G46470	scaffold_6_RagTag	97.404	732	12	7	1	731	22411165	22411890	0	1240	BAM12_v2
AL6G46470	scaffold_6_RagTag	97.509	562	9	2	732	1292	22411938	22412495	0	955	BAM12_v2
AL6G46470	scaffold_8_RagTag	98.292	527	4	3	634	1160	10465239	10465760	0	918	BAM12_v2
AL8G22560	scaffold_8_RagTag	99.627	268	1	0	1	268	10465679	10465412	1.14e-137	490	BAM12_v2
AL8G22560	scaffold_6_RagTag	98.881	268	3	0	1	268	22412280	22412013	2.46e-134	479	BAM12_v2
AL1G59830	scaffold_1_RagTag:0-28294041	91.555	2676	116	38	1	2630	25900445	25903056	0	3589	BOR_v1
AL1G59830	scaffold_1_RagTag:0-28294041	88.535	2259	127	52	1	2194	25881194	25883385	0	2615	BOR_v1
AL1G59830	scaffold_1_RagTag:0-28294041	94.144	444	18	7	2194	2633	25886298	25886737	0	669	BOR_v1
AL1G59840	scaffold_1_RagTag:0-28294041	95.837	1033	11	6	1	1012	25918647	25919668	0	1640	BOR_v1
AL1G59840	scaffold_1_RagTag:0-28294041	98.538	342	5	0	1006	1347	25919954	25920295	1.94e-171	604	BOR_v1
AL1G59840	scaffold_1_RagTag:0-28294041	94.286	35	2	0	783	817	25919484	25919518	8.81e-06	54.7	BOR_v1
AL1G59840	scaffold_6_RagTag:0-24760478	82.407	108	17	1	1243	1348	20863826	20863933	1.87e-17	93.5	BOR_v1
AL1G59840	scaffold_6_RagTag:0-24760478	81.731	104	17	1	1243	1344	21085047	21084944	3.12e-15	86.1	BOR_v1
AL6G45960	scaffold_6_RagTag:0-24760478	93.161	658	28	10	1	646	20863305	20863957	0	950	BOR_v1
AL6G45960	scaffold_6_RagTag:0-24760478	88.028	142	13	2	506	643	21085056	21084915	1.83e-39	165	BOR_v1
AL6G45960	scaffold_1_RagTag:0-28294041	82.883	111	17	1	515	625	25920191	25920299	1.88e-19	99	BOR_v1
AL6G46350	scaffold_6_RagTag:0-24760478	97.749	622	2	2	1	610	21084881	21085502	0	1061	BOR_v1
AL6G46350	scaffold_6_RagTag:0-24760478	99.352	463	3	0	592	1054	21085842	21086304	0	839	BOR_v1
AL6G46350	scaffold_6_RagTag:0-24760478	91.129	124	8	3	55	175	20863940	20863817	3.19e-39	165	BOR_v1
AL6G46350	scaffold_6_RagTag:0-24760478	98.305	59	1	0	1051	1109	21086323	21086381	7.06e-21	104	BOR_v1
AL6G46350	scaffold_6_RagTag:0-24760478	84.81	79	8	4	923	1000	20863435	20863360	1.54e-12	76.8	BOR_v1
AL6G46350	scaffold_1_RagTag:0-28294041	81.25	112	19	1	55	166	25920300	25920191	1.98e-16	89.8	BOR_v1
AL6G46470	scaffold_6_RagTag:0-24760478	97.019	738	11	7	1	731	21143469	21144202	0	1230	BOR_v1
AL6G46470	scaffold_6_RagTag:0-24760478	97.865	562	7	2	732	1292	21144250	21144807	0	966	BOR_v1
AL8G22560	scaffold_6_RagTag:0-24760478	99.254	268	2	0	1	268	21144592	21144325	4.85e-136	484	BOR_v1
AL1G59830	scaffold_1_RagTag	88.535	2259	127	52	1	2194	26992642	26994833	0	2615	F1-14.ragtag.scaffold_chr
AL1G59830	scaffold_1_RagTag	88.456	2261	127	52	1	2194	26779769	26781962	0	2606	F1-14.ragtag.scaffold_chr
AL1G59830	scaffold_1_RagTag	94.144	444	18	7	2194	2633	26784903	26785342	0	669	F1-14.ragtag.scaffold_chr
AL1G59830	scaffold_1_RagTag	94.144	444	18	7	2194	2633	26997778	26998217	0	669	F1-14.ragtag.scaffold_chr
AL1G59840	scaffold_1_RagTag	97.005	1369	14	6	1	1347	27012353	27013716	0	2276	F1-14.ragtag.scaffold_chr
AL1G59840	scaffold_1_RagTag	96.921	877	13	1	486	1348	26796772	26797648	0	1458	F1-14.ragtag.scaffold_chr
AL1G59840	scaffold_1_RagTag	96.992	266	2	1	1	260	26794473	26794738	1.68e-122	442	F1-14.ragtag.scaffold_chr
AL1G59840	scaffold_1_RagTag	99.359	156	1	0	252	407	26795762	26795917	1.08e-74	283	F1-14.ragtag.scaffold_chr
AL1G59840	scaffold_1_RagTag	100	95	0	0	399	493	26796379	26796473	1.89e-42	176	F1-14.ragtag.scaffold_chr
AL1G59840	scaffold_1_RagTag	89.796	49	5	0	829	877	26797069	26797117	1.53e-08	63.9	F1-14.ragtag.scaffold_chr
AL1G59840	scaffold_1_RagTag	89.796	49	5	0	829	877	27013141	27013189	1.53e-08	63.9	F1-14.ragtag.scaffold_chr
AL1G59840	scaffold_1_RagTag	97.143	35	1	0	783	817	27013201	27013235	1.98e-07	60.2	F1-14.ragtag.scaffold_chr
AL1G59840	scaffold_1_RagTag	90.476	42	2	1	776	817	26797124	26797163	9.22e-06	54.7	F1-14.ragtag.scaffold_chr
AL1G59840	scaffold_6_RagTag	82.407	108	17	1	1243	1348	19229968	19230075	1.95e-17	93.5	F1-14.ragtag.scaffold_chr
AL1G59840	scaffold_6_RagTag	82	100	16	1	1243	1340	19551770	19551671	1.18e-14	84.2	F1-14.ragtag.scaffold_chr
AL6G45960	scaffold_6_RagTag	99.69	646	2	0	1	646	19229454	19230099	0	1182	F1-14.ragtag.scaffold_chr
AL6G45960	scaffold_6_RagTag	89.209	139	12	3	506	643	19551779	19551643	4.11e-41	171	F1-14.ragtag.scaffold_chr
AL6G45960	scaffold_1_RagTag	83.784	111	16	1	515	625	26797543	26797651	4.23e-21	104	F1-14.ragtag.scaffold_chr
AL6G45960	scaffold_1_RagTag	82.883	111	17	1	515	625	27013612	27013720	1.97e-19	99	F1-14.ragtag.scaffold_chr
AL6G46350	scaffold_6_RagTag	96.281	726	5	1	406	1109	19551913	19552638	0	1171	F1-14.ragtag.scaffold_chr
AL6G46350	scaffold_6_RagTag	97.125	313	0	3	1	312	19551613	19551917	6.19e-146	520	F1-14.ragtag.scaffold_chr
AL6G46350	scaffold_6_RagTag	92.035	113	9	0	63	175	19230071	19229959	1.56e-37	159	F1-14.ragtag.scaffold_chr
AL6G46350	scaffold_1_RagTag	81.25	112	19	1	55	166	27013721	27013612	2.07e-16	89.8	F1-14.ragtag.scaffold_chr
AL6G46350	scaffold_1_RagTag	81.731	104	17	1	63	166	26797644	26797543	2.68e-15	86.1	F1-14.ragtag.scaffold_chr
AL6G46470	scaffold_6_RagTag	96.883	738	12	7	1	731	19589604	19590337	0	1225	F1-14.ragtag.scaffold_chr
AL6G46470	scaffold_6_RagTag	98.043	562	6	2	732	1292	19590385	19590942	0	972	F1-14.ragtag.scaffold_chr
AL8G22560	scaffold_6_RagTag	99.254	268	2	0	1	268	19590727	19590460	5.07e-136	484	F1-14.ragtag.scaffold_chr
AL1G59830	scaffold_1_RagTag	99.193	2231	7	2	1	2221	27738732	27740961	0	4010	KN003hexa_v0
AL1G59830	scaffold_1_RagTag	89.08	1859	114	47	799	2630	27732092	27733888	0	2226	KN003hexa_v0
AL1G59830	scaffold_1_RagTag	88.875	818	37	15	1	802	27731022	27731801	0	957	KN003hexa_v0
AL1G59830	scaffold_1_RagTag	99.125	343	1	1	2291	2633	27740958	27741298	1.82e-174	616	KN003hexa_v0
AL1G59840	scaffold_1_RagTag	97.259	1350	8	15	1	1348	27751096	27752418	0	2261	KN003hexa_v0
AL1G59840	scaffold_1_RagTag	94.286	35	2	0	829	863	27751854	27751888	9.1e-06	54.7	KN003hexa_v0
AL1G59840	scaffold_1_RagTag	94.286	35	2	0	783	817	27751900	27751934	9.1e-06	54.7	KN003hexa_v0
AL1G59840	scaffold_6_RagTag	83.333	108	16	1	1243	1348	21228803	21228910	4.14e-19	99	KN003hexa_v0
AL1G59840	scaffold_6_RagTag	81.731	104	17	1	1243	1344	21486807	21486704	3.23e-15	86.1	KN003hexa_v0
AL6G45960	scaffold_6_RagTag	99.845	646	1	0	1	646	21228289	21228934	0	1188	KN003hexa_v0
AL6G45960	scaffold_6_RagTag	88.652	141	13	2	506	643	21486816	21486676	1.46e-40	169	KN003hexa_v0
AL6G45960	scaffold_1_RagTag	83.784	111	16	1	515	625	27752313	27752421	4.17e-21	104	KN003hexa_v0
AL6G46350	scaffold_6_RagTag	99.55	1111	2	2	1	1109	21486643	21487752	0	2021	KN003hexa_v0
AL6G46350	scaffold_6_RagTag	92.92	113	8	0	63	175	21228906	21228794	3.3e-39	165	KN003hexa_v0
AL6G46350	scaffold_1_RagTag	81.731	104	17	1	63	166	27752414	27752313	2.64e-15	86.1	KN003hexa_v0
AL6G46470	scaffold_6_RagTag	99.149	1292	9	2	1	1292	21558293	21559582	0	2324	KN003hexa_v0
AL6G46470	scaffold_8_RagTag	98.102	527	6	2	634	1160	10982572	10982050	0	915	KN003hexa_v0
AL8G22560	scaffold_8_RagTag	99.627	268	1	0	1	268	10982132	10982399	1.08e-137	490	KN003hexa_v0
AL8G22560	scaffold_6_RagTag	98.12	266	4	1	1	265	21559368	21559103	2.35e-129	462	KN003hexa_v0
AL1G59830	scaffold_1_RagTag	99.193	2231	7	2	1	2221	27254789	27257018	0	4010	KN005_v1
AL1G59830	scaffold_1_RagTag	89.08	1859	114	47	799	2630	27248149	27249945	0	2226	KN005_v1
AL1G59830	scaffold_1_RagTag	88.875	818	37	15	1	802	27247079	27247858	0	957	KN005_v1
AL1G59830	scaffold_1_RagTag	99.125	343	1	1	2291	2633	27257015	27257355	1.8e-174	616	KN005_v1
AL1G59840	scaffold_1_RagTag	97.259	1350	8	15	1	1348	27267153	27268475	0	2261	KN005_v1
AL1G59840	scaffold_1_RagTag	94.286	35	2	0	829	863	27267911	27267945	8.96e-06	54.7	KN005_v1
AL1G59840	scaffold_1_RagTag	94.286	35	2	0	783	817	27267957	27267991	8.96e-06	54.7	KN005_v1
AL1G59840	scaffold_6_RagTag	83.333	108	16	1	1243	1348	20439476	20439583	4.08e-19	99	KN005_v1
AL1G59840	scaffold_6_RagTag	81.731	104	17	1	1243	1344	20670954	20670851	3.18e-15	86.1	KN005_v1
AL6G45960	scaffold_6_RagTag	99.382	647	2	2	1	646	20438962	20439607	0	1171	KN005_v1
AL6G45960	scaffold_6_RagTag	88.652	141	13	2	506	643	20670963	20670823	1.44e-40	169	KN005_v1
AL6G45960	scaffold_1_RagTag	83.784	111	16	1	515	625	27268370	27268478	4.12e-21	104	KN005_v1
AL6G46350	scaffold_6_RagTag	98.225	1127	1	3	1	1109	20670790	20671915	0	1953	KN005_v1
AL6G46350	scaffold_6_RagTag	92.92	113	8	0	63	175	20439579	20439467	3.25e-39	165	KN005_v1
AL6G46350	scaffold_1_RagTag	81.731	104	17	1	63	166	27268471	27268370	2.6e-15	86.1	KN005_v1
AL6G46470	scaffold_6_RagTag	99.923	1292	1	0	1	1292	20731162	20732453	0	2381	KN005_v1
AL6G46470	scaffold_8_RagTag	98.482	527	4	2	634	1160	11039481	11038959	0	926	KN005_v1
AL8G22560	scaffold_8_RagTag	99.627	268	1	0	1	268	11039041	11039308	1.06e-137	490	KN005_v1
AL8G22560	scaffold_6_RagTag	98.496	266	3	1	1	265	20732239	20731974	4.97e-131	468	KN005_v1
AL1G59830	scaffold_1_RagTag	99.848	2634	3	1	1	2633	28630263	28632896	0	4841	KN006_v1
AL1G59830	scaffold_1_RagTag	90.21	1859	112	34	799	2630	28625935	28627750	0	2361	KN006_v1
AL1G59830	scaffold_1_RagTag	88.571	770	34	16	1	754	28623115	28623846	0	885	KN006_v1
AL1G59840	scaffold_1_RagTag	99.261	1354	3	2	1	1348	28643519	28644871	0	2438	KN006_v1
AL1G59840	scaffold_1_RagTag	94.286	35	2	0	829	863	28644307	28644341	9.47e-06	54.7	KN006_v1
AL1G59840	scaffold_1_RagTag	94.286	35	2	0	783	817	28644353	28644387	9.47e-06	54.7	KN006_v1
AL1G59840	scaffold_6_RagTag	83.333	108	16	1	1243	1348	20219449	20219556	4.32e-19	99	KN006_v1
AL1G59840	scaffold_6_RagTag	81.731	104	17	1	1243	1344	20474426	20474323	3.36e-15	86.1	KN006_v1
AL6G45960	scaffold_6_RagTag	99.845	646	1	0	1	646	20218935	20219580	0	1188	KN006_v1
AL6G45960	scaffold_6_RagTag	88.652	141	13	2	506	643	20474435	20474295	1.52e-40	169	KN006_v1
AL6G45960	scaffold_1_RagTag	83.784	111	16	1	515	625	28644766	28644874	4.35e-21	104	KN006_v1
AL6G46350	scaffold_6_RagTag	99.64	1111	1	2	1	1109	20474262	20475371	0	2026	KN006_v1
AL6G46350	scaffold_6_RagTag	92.92	113	8	0	63	175	20219552	20219440	3.44e-39	165	KN006_v1
AL6G46350	scaffold_1_RagTag	81.731	104	17	1	63	166	28644867	28644766	2.75e-15	86.1	KN006_v1
AL6G46470	scaffold_6_RagTag	99.845	1292	2	0	1	1292	20538989	20540280	0	2375	KN006_v1
AL6G46470	scaffold_8_RagTag	98.482	527	4	2	634	1160	11677545	11677023	0	926	KN006_v1
AL8G22560	scaffold_8_RagTag	99.627	268	1	0	1	268	11677105	11677372	1.12e-137	490	KN006_v1
AL8G22560	scaffold_6_RagTag	98.872	266	2	1	1	265	20540066	20539801	1.13e-132	473	KN006_v1
AL1G59830	scaffold_1_RagTag	100	2633	0	0	1	2633	27644118	27646750	0	4863	MN47_mabs_v3
AL1G59830	scaffold_1_RagTag	90.21	1859	112	34	799	2630	27639789	27641604	0	2361	MN47_mabs_v3
AL1G59830	scaffold_1_RagTag	88.571	770	34	16	1	754	27636969	27637700	0	885	MN47_mabs_v3
AL1G59840	scaffold_1_RagTag	100	1348	0	0	1	1348	27667029	27668376	0	2490	MN47_mabs_v3
AL1G59840	scaffold_1_RagTag	94.286	35	2	0	829	863	27667811	27667845	9.47e-06	54.7	MN47_mabs_v3
AL1G59840	scaffold_1_RagTag	94.286	35	2	0	783	817	27667857	27667891	9.47e-06	54.7	MN47_mabs_v3
AL1G59840	scaffold_6_RagTag	83.333	108	16	1	1243	1348	21204088	21204195	4.32e-19	99	MN47_mabs_v3
AL1G59840	scaffold_6_RagTag	81.731	104	17	1	1243	1344	21431002	21430899	3.36e-15	86.1	MN47_mabs_v3
AL6G45960	scaffold_6_RagTag	100	646	0	0	1	646	21203574	21204219	0	1194	MN47_mabs_v3
AL6G45960	scaffold_6_RagTag	88.028	142	13	2	506	643	21431011	21430870	1.97e-39	165	MN47_mabs_v3
AL6G45960	scaffold_1_RagTag	83.784	111	16	1	515	625	27668271	27668379	4.35e-21	104	MN47_mabs_v3
AL6G46350	scaffold_6_RagTag	100	1109	0	0	1	1109	21430837	21431945	0	2049	MN47_mabs_v3
AL6G46350	scaffold_6_RagTag	92.92	113	8	0	63	175	21204191	21204079	3.44e-39	165	MN47_mabs_v3
AL6G46350	scaffold_1_RagTag	81.731	104	17	1	63	166	27668372	27668271	2.75e-15	86.1	MN47_mabs_v3
AL6G46470	scaffold_6_RagTag	100	1292	0	0	1	1292	21499214	21500505	0	2386	MN47_mabs_v3
AL6G46470	scaffold_8_RagTag	98.672	527	3	2	634	1160	13613388	13612866	0	931	MN47_mabs_v3
AL8G22560	scaffold_8_RagTag	100	268	0	0	1	268	13612948	13613215	2.41e-139	496	MN47_mabs_v3
AL8G22560	scaffold_6_RagTag	98.872	266	2	1	1	265	21500291	21500026	1.13e-132	473	MN47_mabs_v3
AL1G59830	scaffold_1_RagTag	100	2633	0	0	1	2633	27612356	27614988	0	4863	MN47_v4
AL1G59830	scaffold_1_RagTag	90.21	1859	112	34	799	2630	27608027	27609842	0	2361	MN47_v4
AL1G59830	scaffold_1_RagTag	88.571	770	34	16	1	754	27605207	27605938	0	885	MN47_v4
AL1G59840	scaffold_1_RagTag	100	1348	0	0	1	1348	27635267	27636614	0	2490	MN47_v4
AL1G59840	scaffold_1_RagTag	94.286	35	2	0	829	863	27636049	27636083	9.47e-06	54.7	MN47_v4
AL1G59840	scaffold_1_RagTag	94.286	35	2	0	783	817	27636095	27636129	9.47e-06	54.7	MN47_v4
AL1G59840	scaffold_6_RagTag	83.333	108	16	1	1243	1348	21204088	21204195	4.31e-19	99	MN47_v4
AL1G59840	scaffold_6_RagTag	81.731	104	17	1	1243	1344	21431002	21430899	3.36e-15	86.1	MN47_v4
AL6G45960	scaffold_6_RagTag	100	646	0	0	1	646	21203574	21204219	0	1194	MN47_v4
AL6G45960	scaffold_6_RagTag	88.028	142	13	2	506	643	21431011	21430870	1.97e-39	165	MN47_v4
AL6G45960	scaffold_1_RagTag	83.784	111	16	1	515	625	27636509	27636617	4.35e-21	104	MN47_v4
AL6G46350	scaffold_6_RagTag	100	1109	0	0	1	1109	21430837	21431945	0	2049	MN47_v4
AL6G46350	scaffold_6_RagTag	92.92	113	8	0	63	175	21204191	21204079	3.44e-39	165	MN47_v4
AL6G46350	scaffold_1_RagTag	81.731	104	17	1	63	166	27636610	27636509	2.75e-15	86.1	MN47_v4
AL6G46470	scaffold_6_RagTag	100	1292	0	0	1	1292	21499214	21500505	0	2386	MN47_v4
AL6G46470	scaffold_8_RagTag	98.672	527	3	2	634	1160	13613388	13612866	0	931	MN47_v4
AL8G22560	scaffold_8_RagTag	100	268	0	0	1	268	13612948	13613215	2.41e-139	496	MN47_v4
AL8G22560	scaffold_6_RagTag	98.872	266	2	1	1	265	21500291	21500026	1.13e-132	473	MN47_v4
AL1G59830	scaffold_1_RagTag	89.386	2704	145	59	1	2633	26417335	26419967	0	3273	Nla.ragtag.scaffold_chr
AL1G59840	scaffold_1_RagTag	96.999	1033	9	4	1	1012	26431215	26432246	0	1716	Nla.ragtag.scaffold_chr
AL1G59840	scaffold_1_RagTag	97.959	343	7	0	1006	1348	26432532	26432874	1.21e-168	595	Nla.ragtag.scaffold_chr
AL1G59840	scaffold_1_RagTag	94.286	35	2	0	783	817	26432062	26432096	9.14e-06	54.7	Nla.ragtag.scaffold_chr
AL1G59840	scaffold_6_RagTag	82.407	108	17	1	1243	1348	22206719	22206826	1.94e-17	93.5	Nla.ragtag.scaffold_chr
AL1G59840	scaffold_6_RagTag	80.769	104	18	1	1243	1344	22485200	22485097	1.51e-13	80.5	Nla.ragtag.scaffold_chr
AL6G45960	scaffold_6_RagTag	99.536	646	3	0	1	646	22206205	22206850	0	1177	Nla.ragtag.scaffold_chr
AL6G45960	scaffold_6_RagTag	88.571	140	14	2	506	643	22485209	22485070	1.47e-40	169	Nla.ragtag.scaffold_chr
AL6G46350	scaffold_6_RagTag	97.566	1027	5	3	28	1054	22485064	22486070	0	1740	Nla.ragtag.scaffold_chr
AL6G46350	scaffold_6_RagTag	92.035	113	9	0	63	175	22206822	22206710	1.54e-37	159	Nla.ragtag.scaffold_chr
AL6G46350	scaffold_6_RagTag	97.778	45	1	0	1065	1109	22486103	22486147	4.44e-13	78.7	Nla.ragtag.scaffold_chr
AL6G46470	scaffold_6_RagTag	97.154	738	11	6	1	731	22548972	22549706	0	1238	Nla.ragtag.scaffold_chr
AL6G46470	scaffold_6_RagTag	98.043	562	6	2	732	1292	22549754	22550311	0	972	Nla.ragtag.scaffold_chr
AL8G22560	scaffold_6_RagTag	99.254	268	2	0	1	268	22550096	22549829	5.03e-136	484	Nla.ragtag.scaffold_chr
AL1G59830	scaffold_1	90.97	2691	118	35	1	2630	26209538	26212164	0	3507	NT1_v2
AL1G59830	scaffold_1	91.407	1862	97	29	799	2633	26178851	26180676	0	2494	NT1_v2
AL1G59830	scaffold_1	88.523	819	37	18	1	802	26177782	26178560	0	939	NT1_v2
AL1G59840	scaffold_1	98.42	823	6	2	1	817	26222707	26223528	0	1441	NT1_v2
AL1G59840	scaffold_1	94.737	760	18	3	216	955	26196782	26197539	0	1162	NT1_v2
AL1G59840	scaffold_1	98.073	519	9	1	829	1347	26223494	26224011	0	902	NT1_v2
AL1G59840	scaffold_1	99.138	232	2	0	1	232	26195640	26195871	2.81e-115	418	NT1_v2
AL1G59840	scaffold_1	92.857	266	13	1	941	1200	26197593	26197858	3.69e-104	381	NT1_v2
AL1G59840	scaffold_1	89.796	49	5	0	829	877	26197355	26197403	1.52e-08	63.9	NT1_v2
AL1G59840	scaffold_6	81.731	104	17	1	1243	1344	22062375	22062272	3.24e-15	86.1	NT1_v2
AL1G59840	scaffold_6	80.556	108	19	1	1243	1348	21867472	21867579	4.19e-14	82.4	NT1_v2
AL6G45960	scaffold_6	92.744	634	31	5	24	646	21866974	21867603	0	902	NT1_v2
AL6G45960	scaffold_6	88.652	141	13	2	506	643	22062384	22062244	1.47e-40	169	NT1_v2
AL6G45960	scaffold_1	82.883	111	17	1	515	625	26223907	26224015	1.95e-19	99	NT1_v2
AL6G46350	scaffold_6	98.204	1058	10	4	1	1054	22062214	22063266	0	1840	NT1_v2
AL6G46350	scaffold_6	89.516	124	10	3	55	175	21867586	21867463	7.18e-36	154	NT1_v2
AL6G46350	scaffold_6	100	59	0	0	1051	1109	22063339	22063397	1.58e-22	110	NT1_v2
AL6G46350	scaffold_6	83.75	80	11	2	923	1002	21867077	21867000	5.75e-12	75	NT1_v2
AL6G46350	scaffold_3	87.843	255	30	1	436	689	25318470	25318724	3.13e-79	298	NT1_v2
AL6G46350	scaffold_1	81.25	112	19	1	55	166	26224016	26223907	2.05e-16	89.8	NT1_v2
AL6G46470	scaffold_6	98.017	706	9	2	588	1292	22099324	22100025	0	1221	NT1_v2
AL6G46470	scaffold_6	96.591	616	6	3	1	603	22098664	22099277	0	1007	NT1_v2
AL6G46470	scaffold_8	98.482	527	4	2	634	1160	11137704	11137182	0	926	NT1_v2
AL8G22560	scaffold_8	99.627	268	1	0	1	268	11137264	11137531	1.08e-137	490	NT1_v2
AL8G22560	scaffold_6	98.507	268	4	0	1	268	22099810	22099543	1.09e-132	473	NT1_v2
AL1G59830	scaffold_1_RagTag	91.608	2681	110	32	1	2630	29209936	29212552	0	3598	NT12_v2
AL1G59830	scaffold_1_RagTag	89.766	2697	149	50	1	2630	29177048	29179684	0	3334	NT12_v2
AL1G59830	scaffold_1_RagTag	89.553	2393	121	39	339	2633	29183598	29185959	0	2915	NT12_v2
AL1G59830	scaffold_1_RagTag	99.203	1506	9	2	934	2439	29187792	29189294	0	2712	NT12_v2
AL1G59830	scaffold_1_RagTag	97.155	914	16	1	1	904	29186881	29187794	0	1535	NT12_v2
AL1G59830	scaffold_1_RagTag	95.798	357	5	5	1	348	29182126	29182481	5.61e-160	568	NT12_v2
AL1G59830	scaffold_1_RagTag	100	200	0	0	2434	2633	29194840	29195039	1.7e-100	370	NT12_v2
AL1G59840	scaffold_1_RagTag	97.442	1368	13	4	1	1347	29219276	29220642	0	2313	NT12_v2
AL1G59840	scaffold_1_RagTag	89.796	49	5	0	829	877	29220064	29220112	1.64e-08	63.9	NT12_v2
AL1G59840	scaffold_1_RagTag	94.286	35	2	0	783	817	29220124	29220158	9.84e-06	54.7	NT12_v2
AL1G59840	scaffold_6_RagTag	80.769	104	18	1	1243	1344	22611197	22611094	1.62e-13	80.5	NT12_v2
AL1G59840	scaffold_6_RagTag	79.63	108	20	1	1243	1348	22350452	22350559	2.1e-12	76.8	NT12_v2
AL6G45960	scaffold_6_RagTag	93.161	658	32	6	1	646	22349927	22350583	0	953	NT12_v2
AL6G45960	scaffold_6_RagTag	87.943	141	14	2	506	643	22611206	22611066	7.34e-39	163	NT12_v2
AL6G45960	scaffold_1_RagTag	82.883	111	17	1	515	625	29220538	29220646	2.1e-19	99	NT12_v2
AL6G46350	scaffold_6_RagTag	95.391	1150	3	6	1	1109	22611036	22612176	0	1784	NT12_v2
AL6G46350	scaffold_6_RagTag	88.71	124	11	3	55	175	22350566	22350443	3.59e-34	148	NT12_v2
AL6G46350	scaffold_1_RagTag	81.25	112	19	1	55	166	29220647	29220538	2.21e-16	89.8	NT12_v2
AL6G46470	scaffold_6_RagTag	97.541	732	12	6	1	731	22704986	22705712	0	1247	NT12_v2
AL6G46470	scaffold_6_RagTag	97.865	562	7	2	732	1292	22705760	22706317	0	966	NT12_v2
AL8G22560	scaffold_6_RagTag	98.881	268	3	0	1	268	22706102	22705835	2.51e-134	479	NT12_v2
AL1G59830	scaffold_1_RagTag	93.172	2680	98	27	1	2633	29586152	29588793	0	3856	NT8_v2_fix
AL1G59830	scaffold_1_RagTag	90.865	2704	112	33	1	2630	29624474	29627116	0	3500	NT8_v2_fix
AL1G59830	scaffold_1_RagTag	88.603	1790	100	35	1	1736	29561379	29563118	0	2080	NT8_v2_fix
AL1G59830	scaffold_1_RagTag	93.372	513	23	6	2122	2630	29564876	29565381	0	749	NT8_v2_fix
AL1G59830	scaffold_1_RagTag	90.591	372	22	8	1727	2087	29563798	29564167	7.45e-134	481	NT8_v2_fix
AL1G59840	scaffold_1_RagTag	97.239	1159	11	3	1	1139	29629898	29631055	0	1943	NT8_v2_fix
AL1G59840	scaffold_1_RagTag	94.39	820	24	4	550	1348	29582675	29583493	0	1240	NT8_v2_fix
AL1G59840	scaffold_1_RagTag	95.66	553	11	5	1	547	29582099	29582644	0	876	NT8_v2_fix
AL1G59840	scaffold_1_RagTag	98.611	216	3	0	1132	1347	29631373	29631588	1.1e-104	383	NT8_v2_fix
AL1G59840	scaffold_1_RagTag	89.796	49	5	0	829	877	29582909	29582957	1.62e-08	63.9	NT8_v2_fix
AL1G59840	scaffold_1_RagTag	89.796	49	5	0	829	877	29630685	29630733	1.62e-08	63.9	NT8_v2_fix
AL1G59840	scaffold_1_RagTag	94.286	35	2	0	783	817	29582969	29583003	9.75e-06	54.7	NT8_v2_fix
AL1G59840	scaffold_1_RagTag	94.286	35	2	0	783	817	29630745	29630779	9.75e-06	54.7	NT8_v2_fix
AL1G59840	scaffold_6_RagTag	80.769	104	18	1	1243	1344	23819719	23819616	1.61e-13	80.5	NT8_v2_fix
AL1G59840	scaffold_6_RagTag	79.63	108	20	1	1243	1348	23469940	23470047	2.08e-12	76.8	NT8_v2_fix
AL6G45960	scaffold_6_RagTag	93.161	658	31	7	1	646	23469416	23470071	0	953	NT8_v2_fix
AL6G45960	scaffold_6_RagTag	87.943	141	14	2	506	643	23819728	23819588	7.28e-39	163	NT8_v2_fix
AL6G45960	scaffold_1_RagTag	82.883	111	17	1	515	625	29631484	29631592	2.08e-19	99	NT8_v2_fix
AL6G46350	scaffold_6_RagTag	95.972	1142	4	5	1	1109	23819558	23820690	0	1816	NT8_v2_fix
AL6G46350	scaffold_6_RagTag	88.71	124	11	3	55	175	23470054	23469931	3.56e-34	148	NT8_v2_fix
AL6G46350	scaffold_1_RagTag	81.25	112	19	1	55	166	29631593	29631484	2.19e-16	89.8	NT8_v2_fix
AL6G46470	scaffold_6_RagTag	98.453	1293	12	5	1	1292	23911815	23913100	0	2270	NT8_v2_fix
AL8G22560	scaffold_6_RagTag	99.254	268	2	0	1	268	23912885	23912618	5.37e-136	484	NT8_v2_fix
AL1G59830	scaffold_1_RagTag	91.415	2679	116	32	1	2630	28249156	28251769	0	3568	NT9_v2
AL1G59830	scaffold_1_RagTag	89.8	2696	149	49	1	2630	28209736	28212371	0	3339	NT9_v2
AL1G59830	scaffold_1_RagTag	99.295	1701	8	3	934	2633	28222124	28223821	0	3072	NT9_v2
AL1G59830	scaffold_1_RagTag	90.857	2111	117	34	572	2633	28215473	28217556	0	2760	NT9_v2
AL1G59830	scaffold_1_RagTag	97.046	914	17	1	1	904	28221213	28222126	0	1530	NT9_v2
AL1G59830	scaffold_1_RagTag	94.99	519	10	8	1	507	28214813	28215327	0	800	NT9_v2
AL1G59830	scaffold_1_RagTag	98.611	72	1	0	503	574	28215372	28215443	1.12e-27	128	NT9_v2
AL1G59840	scaffold_1_RagTag	96.673	1082	8	5	291	1347	28267947	28269025	0	1773	NT9_v2
AL1G59840	scaffold_1_RagTag	94.605	760	19	3	216	955	28236364	28237121	0	1157	NT9_v2
AL1G59840	scaffold_1_RagTag	96.605	324	5	1	1	318	28261538	28261861	1.03e-149	532	NT9_v2
AL1G59840	scaffold_1_RagTag	99.138	232	2	0	1	232	28235220	28235451	3.01e-115	418	NT9_v2
AL1G59840	scaffold_1_RagTag	92.857	266	13	1	941	1200	28237175	28237440	3.95e-104	381	NT9_v2
AL1G59840	scaffold_1_RagTag	89.796	49	5	0	829	877	28236937	28236985	1.62e-08	63.9	NT9_v2
AL1G59840	scaffold_1_RagTag	89.796	49	5	0	829	877	28268439	28268487	1.62e-08	63.9	NT9_v2
AL1G59840	scaffold_1_RagTag	96.875	32	1	0	786	817	28268502	28268533	9.77e-06	54.7	NT9_v2
AL1G59840	scaffold_6_RagTag	81.731	104	17	1	1243	1344	23118539	23118436	3.47e-15	86.1	NT9_v2
AL1G59840	scaffold_6_RagTag	79.63	108	20	1	1243	1348	22817586	22817693	2.09e-12	76.8	NT9_v2
AL6G45960	scaffold_6_RagTag	93.161	658	32	5	1	646	22817061	22817717	0	953	NT9_v2
AL6G45960	scaffold_6_RagTag	89.286	140	13	2	506	643	23118548	23118409	3.37e-42	174	NT9_v2
AL6G45960	scaffold_1_RagTag	82.883	111	17	1	515	625	28268921	28269029	2.09e-19	99	NT9_v2
AL6G46350	scaffold_6_RagTag	97.447	705	4	3	1	704	23118375	23119066	0	1190	NT9_v2
AL6G46350	scaffold_6_RagTag	94.664	431	1	1	701	1109	23119870	23120300	0	649	NT9_v2
AL6G46350	scaffold_6_RagTag	88.71	124	11	3	55	175	22817700	22817577	3.57e-34	148	NT9_v2
AL6G46350	scaffold_6_RagTag	86.842	76	8	2	923	998	22817191	22817118	1.02e-14	84.2	NT9_v2
AL6G46350	scaffold_1_RagTag	81.25	112	19	1	55	166	28269030	28268921	2.19e-16	89.8	NT9_v2
AL6G46470	scaffold_6_RagTag	97.541	732	12	6	1	731	23180098	23180824	0	1247	NT9_v2
AL6G46470	scaffold_6_RagTag	97.687	562	8	2	732	1292	23180872	23181429	0	961	NT9_v2
AL8G22560	scaffold_6_RagTag	98.881	268	3	0	1	268	23181214	23180947	2.5e-134	479	NT9_v2
AL1G59830	scaffold_1	90.2	2745	128	36	1	2633	29186356	29189071	0	3448	PU6_v3_fin
AL1G59830	scaffold_1	89.993	2698	143	50	1	2630	29178678	29181316	0	3369	PU6_v3_fin
AL1G59830	scaffold_1	99.635	822	1	1	1810	2631	29191379	29192198	0	1500	PU6_v3_fin
AL1G59830	scaffold_1	85.915	426	20	7	1	426	29190997	29191382	5.9e-115	418	PU6_v3_fin
AL1G59840	scaffold_1	97.442	1368	13	4	1	1347	29207406	29208772	0	2313	PU6_v3_fin
AL1G59840	scaffold_1	89.796	49	5	0	829	877	29208194	29208242	1.61e-08	63.9	PU6_v3_fin
AL1G59840	scaffold_1	94.286	35	2	0	783	817	29208254	29208288	9.72e-06	54.7	PU6_v3_fin
AL1G59840	scaffold_6	81	100	17	1	1243	1340	21844127	21844028	5.77e-13	78.7	PU6_v3_fin
AL1G59840	scaffold_6	79.63	108	20	1	1243	1348	21512517	21512624	2.07e-12	76.8	PU6_v3_fin
AL6G45960	scaffold_6	93.313	658	31	6	1	646	21511992	21512648	0	959	PU6_v3_fin
AL6G45960	scaffold_6	92.661	109	8	0	506	614	21844136	21844028	3.37e-37	158	PU6_v3_fin
AL6G45960	scaffold_1	82.883	111	17	1	515	625	29208668	29208776	2.07e-19	99	PU6_v3_fin
AL6G46350	scaffold_6	94.639	858	5	3	274	1109	21851430	21852268	0	1291	PU6_v3_fin
AL6G46350	scaffold_6	97.895	285	2	2	1	284	21843965	21844246	5.12e-137	490	PU6_v3_fin
AL6G46350	scaffold_6	88.71	124	11	3	55	175	21512631	21512508	3.55e-34	148	PU6_v3_fin
AL6G46350	scaffold_1	81.25	112	19	1	55	166	29208777	29208668	2.18e-16	89.8	PU6_v3_fin
AL6G46470	scaffold_6	97.283	736	11	6	1	731	21932295	21933026	0	1240	PU6_v3_fin
AL6G46470	scaffold_6	97.687	562	8	2	732	1292	21933074	21933631	0	961	PU6_v3_fin
AL8G22560	scaffold_6	98.507	268	4	0	1	268	21933416	21933149	1.16e-132	473	PU6_v3_fin
AL1G59830	scaffold_1_RagTag	98.638	2644	20	5	1	2633	29433188	29435826	0	4669	TE11_v2
AL1G59830	scaffold_1_RagTag	93.084	2429	100	23	246	2630	29456124	29458528	0	3493	TE11_v2
AL1G59830	scaffold_1_RagTag	89.844	2698	147	50	1	2630	29417633	29420271	0	3347	TE11_v2
AL1G59830	scaffold_1_RagTag	90.845	2119	119	32	563	2633	29425947	29428038	0	2769	TE11_v2
AL1G59830	scaffold_1_RagTag	92.593	621	12	3	1	588	29425313	29425932	0	861	TE11_v2
AL1G59830	scaffold_1_RagTag	97.391	115	3	0	1	115	29450522	29450636	2.98e-48	196	TE11_v2
AL1G59830	scaffold_8_RagTag	90.605	1075	71	16	1198	2253	12190739	12189676	0	1399	TE11_v2
AL1G59840	scaffold_1_RagTag	97.481	1072	9	4	291	1347	29467383	29468451	0	1814	TE11_v2
AL1G59840	scaffold_1_RagTag	96.914	324	4	1	1	318	29460975	29461298	2.18e-151	538	TE11_v2
AL1G59840	scaffold_1_RagTag	89.796	49	5	0	829	877	29467875	29467923	1.6e-08	63.9	TE11_v2
AL1G59840	scaffold_1_RagTag	96.875	32	1	0	786	817	29467938	29467969	9.61e-06	54.7	TE11_v2
AL1G59840	scaffold_6_RagTag	81.481	108	18	1	1243	1348	22186942	22187049	9.48e-16	87.9	TE11_v2
AL1G59840	scaffold_6_RagTag	81.731	104	17	1	1243	1344	22459718	22459615	3.41e-15	86.1	TE11_v2
AL6G45960	scaffold_6_RagTag	92.705	658	32	6	1	646	22186420	22187073	0	935	TE11_v2
AL6G45960	scaffold_6_RagTag	89.286	140	13	2	506	643	22459727	22459588	3.31e-42	174	TE11_v2
AL6G45960	scaffold_1_RagTag	82.883	111	17	1	515	625	29468347	29468455	2.05e-19	99	TE11_v2
AL6G46350	scaffold_6_RagTag	97.869	704	5	3	1	704	22459558	22460251	0	1208	TE11_v2
AL6G46350	scaffold_6_RagTag	94.896	431	0	1	701	1109	22460646	22461076	0	654	TE11_v2
AL6G46350	scaffold_6_RagTag	89.516	124	13	0	52	175	22187056	22186933	5.83e-37	158	TE11_v2
AL6G46350	scaffold_6_RagTag	85	80	10	2	923	1002	22186547	22186470	1.3e-13	80.5	TE11_v2
AL6G46350	scaffold_1_RagTag	81.25	112	19	1	55	166	29468456	29468347	2.16e-16	89.8	TE11_v2
AL6G46470	scaffold_6_RagTag	97.541	732	12	6	1	731	22524057	22524783	0	1247	TE11_v2
AL6G46470	scaffold_6_RagTag	97.687	562	8	2	732	1292	22524831	22525388	0	961	TE11_v2
AL8G22560	scaffold_6_RagTag	98.881	268	3	0	1	268	22525173	22524906	2.46e-134	479	TE11_v2
AL1G59830	scaffold_1_RagTag:94989-32092331	90.703	2732	125	38	1	2633	29275838	29278539	0	3518	TE4_v1
AL1G59830	scaffold_1_RagTag:94989-32092331	90.223	2516	130	51	182	2630	29268018	29270484	0	3177	TE4_v1
AL1G59830	scaffold_1_RagTag:94989-32092331	99.636	824	1	1	1810	2633	29280850	29281671	0	1504	TE4_v1
AL1G59830	scaffold_1_RagTag:94989-32092331	85.681	426	21	7	1	426	29280468	29280853	2.75e-113	412	TE4_v1
AL1G59830	scaffold_1_RagTag:94989-32092331	97.581	124	3	0	1	124	29265562	29265685	2.99e-53	213	TE4_v1
AL1G59840	scaffold_1_RagTag:94989-32092331	97.575	1072	8	4	291	1347	29297791	29298859	0	1820	TE4_v1
AL1G59840	scaffold_1_RagTag:94989-32092331	96.914	324	4	1	1	318	29291383	29291706	2.2e-151	538	TE4_v1
AL1G59840	scaffold_1_RagTag:94989-32092331	89.796	49	5	0	829	877	29298283	29298331	1.62e-08	63.9	TE4_v1
AL1G59840	scaffold_1_RagTag:94989-32092331	96.875	32	1	0	786	817	29298346	29298377	9.73e-06	54.7	TE4_v1
AL1G59840	scaffold_6_RagTag:0-26949342	80.769	104	18	1	1243	1344	23007004	23006901	1.61e-13	80.5	TE4_v1
AL1G59840	scaffold_6_RagTag:0-26949342	79.63	108	20	1	1243	1348	22682347	22682454	2.08e-12	76.8	TE4_v1
AL6G45960	scaffold_6_RagTag:0-26949342	93.313	658	31	6	1	646	22681822	22682478	0	959	TE4_v1
AL6G45960	scaffold_6_RagTag:0-26949342	87.943	141	14	2	506	643	23007013	23006873	7.26e-39	163	TE4_v1
AL6G45960	scaffold_1_RagTag:94989-32092331	82.883	111	17	1	515	625	29298755	29298863	2.08e-19	99	TE4_v1
AL6G46350	scaffold_6_RagTag:0-26949342	94.646	1158	4	7	1	1109	23006843	23007991	0	1742	TE4_v1
AL6G46350	scaffold_6_RagTag:0-26949342	88.71	124	11	3	55	175	22682461	22682338	3.56e-34	148	TE4_v1
AL6G46350	scaffold_1_RagTag:94989-32092331	81.25	112	19	1	55	166	29298864	29298755	2.19e-16	89.8	TE4_v1
AL6G46470	scaffold_6_RagTag:0-26949342	98.376	1293	13	5	1	1292	23079546	23080831	0	2265	TE4_v1
AL8G22560	scaffold_6_RagTag:0-26949342	99.254	268	2	0	1	268	23080616	23080349	5.36e-136	484	TE4_v1
AL1G59830	scaffold_1_RagTag:13975-33400674	98.638	2644	20	5	1	2633	30688585	30691223	0	4669	TE8_v1
AL1G59830	scaffold_1_RagTag:13975-33400674	93.084	2429	100	23	246	2630	30706635	30709039	0	3493	TE8_v1
AL1G59830	scaffold_1_RagTag:13975-33400674	89.807	2698	148	50	1	2630	30673033	30675671	0	3341	TE8_v1
AL1G59830	scaffold_1_RagTag:13975-33400674	90.845	2119	119	32	563	2633	30681343	30683434	0	2769	TE8_v1
AL1G59830	scaffold_1_RagTag:13975-33400674	93.193	617	12	3	1	588	30680713	30681328	0	880	TE8_v1
AL1G59830	scaffold_1_RagTag:13975-33400674	97.391	115	3	0	1	115	30701033	30701147	3e-48	196	TE8_v1
AL1G59840	scaffold_1_RagTag:13975-33400674	97.074	1367	17	5	1	1347	30711433	30712796	0	2281	TE8_v1
AL1G59840	scaffold_1_RagTag:13975-33400674	89.796	49	5	0	829	877	30712221	30712269	1.61e-08	63.9	TE8_v1
AL1G59840	scaffold_6_RagTag:0-26335035	80.769	104	18	1	1243	1344	22334820	22334717	1.6e-13	80.5	TE8_v1
AL1G59840	scaffold_6_RagTag:0-26335035	79.63	108	20	1	1243	1348	22028252	22028359	2.07e-12	76.8	TE8_v1
AL6G45960	scaffold_6_RagTag:0-26335035	93.313	658	31	6	1	646	22027727	22028383	0	959	TE8_v1
AL6G45960	scaffold_6_RagTag:0-26335035	87.943	141	14	2	506	643	22334829	22334689	7.23e-39	163	TE8_v1
AL6G45960	scaffold_1_RagTag:13975-33400674	83.784	111	16	1	515	625	30712692	30712800	4.44e-21	104	TE8_v1
AL6G46350	scaffold_6_RagTag:0-26335035	94.387	1158	7	6	1	1109	22334659	22335807	0	1725	TE8_v1
AL6G46350	scaffold_6_RagTag:0-26335035	88.71	124	11	3	55	175	22028366	22028243	3.54e-34	148	TE8_v1
AL6G46350	scaffold_1_RagTag:13975-33400674	80.357	112	20	1	55	166	30712801	30712692	1.01e-14	84.2	TE8_v1
AL6G46470	scaffold_6_RagTag:0-26335035	98.376	1293	13	5	1	1292	22402276	22403561	0	2265	TE8_v1
AL8G22560	scaffold_6_RagTag:0-26335035	99.254	268	2	0	1	268	22403346	22403079	5.33e-136	484	TE8_v1
AL1G59830	scaffold_1_RagTag	92.756	2692	99	29	1	2633	28430233	28432887	0	3803	WS1_v2_s
AL1G59830	scaffold_1_RagTag	91.639	2679	111	35	1	2630	28486918	28489532	0	3602	WS1_v2_s
AL1G59830	scaffold_1_RagTag	88.659	1790	97	36	1	1736	28402429	28404166	0	2084	WS1_v2_s
AL1G59830	scaffold_1_RagTag	93.392	454	19	6	2092	2541	28405923	28406369	0	662	WS1_v2_s
AL1G59830	scaffold_1_RagTag	90.349	373	22	8	1727	2087	28404849	28405219	9.26e-133	477	WS1_v2_s
AL1G59830	scaffold_1_RagTag	95.05	101	5	0	2530	2630	28407483	28407583	3.81e-37	159	WS1_v2_s
AL1G59840	scaffold_1_RagTag	97.879	1367	7	4	1	1347	28493917	28495281	0	2344	WS1_v2_s
AL1G59840	scaffold_1_RagTag	94.39	820	24	4	550	1348	28426756	28427574	0	1240	WS1_v2_s
AL1G59840	scaffold_1_RagTag	96.022	553	13	4	1	547	28426178	28426727	0	891	WS1_v2_s
AL1G59840	scaffold_1_RagTag	89.796	49	5	0	829	877	28426990	28427038	1.56e-08	63.9	WS1_v2_s
AL1G59840	scaffold_1_RagTag	89.796	49	5	0	829	877	28494704	28494752	1.56e-08	63.9	WS1_v2_s
AL1G59840	scaffold_1_RagTag	94.286	35	2	0	783	817	28427050	28427084	9.38e-06	54.7	WS1_v2_s
AL1G59840	scaffold_1_RagTag	94.286	35	2	0	783	817	28494764	28494798	9.38e-06	54.7	WS1_v2_s
AL1G59840	scaffold_6_RagTag	82.407	108	17	1	1243	1348	22754779	22754886	1.99e-17	93.5	WS1_v2_s
AL1G59840	scaffold_6_RagTag	81.731	104	17	1	1243	1344	23075774	23075671	3.33e-15	86.1	WS1_v2_s
AL6G45960	scaffold_6_RagTag	93.465	658	25	8	1	646	22754259	22754910	0	961	WS1_v2_s
AL6G45960	scaffold_6_RagTag	89.286	140	13	2	506	643	23075783	23075644	3.23e-42	174	WS1_v2_s
AL6G45960	scaffold_1_RagTag	82.883	111	17	1	515	625	28495177	28495285	2e-19	99	WS1_v2_s
AL6G46350	scaffold_6_RagTag	96.661	1138	4	6	1	1109	23075614	23076746	0	1860	WS1_v2_s
AL6G46350	scaffold_6_RagTag	91.129	124	8	3	55	175	22754893	22754770	3.4e-39	165	WS1_v2_s
AL6G46350	scaffold_6_RagTag	85.185	81	10	2	923	1002	22754388	22754309	3.52e-14	82.4	WS1_v2_s
AL6G46350	scaffold_1_RagTag	81.25	112	19	1	55	166	28495286	28495177	2.11e-16	89.8	WS1_v2_s
AL6G46470	scaffold_6_RagTag	98.299	1293	14	5	1	1292	23153939	23155224	0	2259	WS1_v2_s
AL8G22560	scaffold_6_RagTag	99.254	268	2	0	1	268	23155009	23154742	5.16e-136	484	WS1_v2_s
