qseqid	sseqid	pident	length	mismatch	gapopen	qstart	qend	sstart	send	evalue	bitscore	stitle
AL6G37940	scaffold_6_RagTag	95.584	385	13	3	1	383	11808174	11807792	2.05e-174	614	73_3a_fixed_genome_15_1_24
AL6G37940	scaffold_6_RagTag	95.55	382	9	2	439	812	11807668	11807287	1.24e-171	604	73_3a_fixed_genome_15_1_24
AL6G37940	scaffold_6_RagTag	79.337	392	49	18	439	812	11823651	11823274	8.62e-64	246	73_3a_fixed_genome_15_1_24
AL6G37960	scaffold_6_RagTag	90.619	2793	170	40	3	2739	11823121	11825877	0	3622	73_3a_fixed_genome_15_1_24
AL6G37960	scaffold_6_RagTag	79.863	2632	353	109	8	2563	11807157	11809687	0	1760	73_3a_fixed_genome_15_1_24
AL6G37960	scaffold_6_RagTag	100	51	0	0	2733	2783	11825899	11825949	1.16e-17	95.3	73_3a_fixed_genome_15_1_24
AL6G37960	scaffold_8_RagTag	72.617	2812	548	147	59	2732	11358869	11361596	0	723	73_3a_fixed_genome_15_1_24
AL6G37970	scaffold_6_RagTag	93.475	1272	42	20	6	1266	11823124	11824365	0	1851	73_3a_fixed_genome_15_1_24
AL6G37970	scaffold_6_RagTag	77.901	1258	162	63	46	1257	11807183	11808370	0	676	73_3a_fixed_genome_15_1_24
AL6G37980	scaffold_6_RagTag	91.412	1863	87	34	1	1815	11824111	11825948	0	2486	73_3a_fixed_genome_15_1_24
AL6G37980	scaffold_6_RagTag	81.068	1611	195	58	1	1549	11808125	11809687	0	1184	73_3a_fixed_genome_15_1_24
AL6G37980	scaffold_6_RagTag	85	220	24	5	1600	1815	11815178	11815392	5.54e-54	215	73_3a_fixed_genome_15_1_24
AL8G21140	scaffold_8_RagTag	97.942	1944	18	7	949	2879	11359665	11361599	0	3349	73_3a_fixed_genome_15_1_24
AL8G21140	scaffold_8_RagTag	99.026	924	8	1	3	925	11358752	11359675	0	1655	73_3a_fixed_genome_15_1_24
AL8G21140	scaffold_6_RagTag	74.509	1730	315	87	1209	2876	11824205	11825870	1.59e-180	636	73_3a_fixed_genome_15_1_24
AL8G21140	scaffold_6_RagTag	76.86	484	82	20	130	604	11807220	11807682	3.13e-63	246	73_3a_fixed_genome_15_1_24
AL6G37940	scaffold_6_RagTag	80.977	389	54	11	439	809	11629142	11628756	3.6e-77	291	AL08_v2_f
AL6G37940	scaffold_6_RagTag	79.851	402	49	21	439	809	11631042	11630642	2.18e-69	265	AL08_v2_f
AL6G37960	scaffold_6_RagTag	87.896	2776	208	64	23	2732	11630522	11633235	0	3147	AL08_v2_f
AL6G37960	scaffold_6_RagTag	88.326	651	57	17	23	659	11628636	11629281	0	763	AL08_v2_f
AL6G37960	scaffold_8_RagTag	73.424	1697	345	71	1089	2732	10090313	10091956	4.09e-151	538	AL08_v2_f
AL6G37970	scaffold_6_RagTag	92.73	1293	45	22	1	1266	11630486	11631756	0	1821	AL08_v2_f
AL6G37970	scaffold_6_RagTag	93.314	688	35	11	1	677	11628600	11629287	0	1005	AL08_v2_f
AL6G37980	scaffold_6_RagTag	96.217	1824	47	12	1	1815	11631502	11633312	0	2966	AL08_v2_f
AL6G37980	scaffold_6_RagTag	82.857	385	42	15	1436	1815	11598443	11598078	8.08e-87	324	AL08_v2_f
AL8G21140	scaffold_8_RagTag	93.803	1759	76	14	1131	2879	10090224	10091959	0	2614	AL08_v2_f
AL8G21140	scaffold_8_RagTag	93.226	930	46	7	3	921	10066417	10065494	0	1352	AL08_v2_f
AL8G21140	scaffold_8_RagTag	93.694	111	6	1	960	1069	10065501	10065391	8.27e-39	165	AL08_v2_f
AL8G21140	scaffold_8_RagTag	95.833	48	0	1	1561	1608	5727642	5727597	3.99e-12	76.8	AL08_v2_f
AL6G37940	scaffold_6_RagTag	95.584	385	12	3	1	383	13146999	13146618	7.54e-174	612	al1_v2_s
AL6G37940	scaffold_6_RagTag	95.026	382	9	3	439	812	13146494	13146115	9.82e-168	592	al1_v2_s
AL6G37940	scaffold_6_RagTag	79.188	394	56	14	439	809	13152834	13152444	6.81e-65	250	al1_v2_s
AL6G37960	scaffold_6_RagTag	89.778	2798	189	46	1	2732	13152289	13155055	0	3493	al1_v2_s
AL6G37960	scaffold_6_RagTag	79.701	2813	385	117	8	2733	13145985	13148698	0	1860	al1_v2_s
AL6G37960	scaffold_8_RagTag	73.341	1703	342	71	1089	2732	9498570	9500219	9.86e-148	527	al1_v2_s
AL6G37970	scaffold_6_RagTag	92.254	1278	59	21	6	1266	13152294	13153548	0	1775	al1_v2_s
AL6G37970	scaffold_6_RagTag	78.025	1256	161	65	46	1257	13146011	13147195	0	684	al1_v2_s
AL6G37980	scaffold_6_RagTag	91.693	1866	77	33	1	1815	13153294	13155132	0	2516	al1_v2_s
AL6G37980	scaffold_6_RagTag	81.824	1447	171	56	1	1405	13146950	13148346	0	1131	al1_v2_s
AL6G37980	scaffold_6_RagTag	81.98	394	47	15	1427	1815	13148396	13148770	1.95e-83	313	al1_v2_s
AL8G21140	scaffold_8_RagTag	94.211	1762	69	11	1131	2879	9498481	9500222	0	2658	al1_v2_s
AL8G21140	scaffold_8_RagTag	95.606	933	26	5	3	921	9471732	9470801	0	1482	al1_v2_s
AL8G21140	scaffold_8_RagTag	93.529	170	10	1	960	1128	9470808	9470639	6.87e-65	252	al1_v2_s
AL8G21140	scaffold_6_RagTag	74.024	743	132	37	130	859	13146048	13146742	3.2e-63	246	al1_v2_s
AL6G37940	scaffold_6_RagTag	98.291	819	7	2	1	812	11514408	11515226	0	1428	AL27_v1
AL6G37940	scaffold_6_RagTag	81.841	391	49	14	439	809	11533792	11533404	9.99e-83	309	AL27_v1
AL6G37940	scaffold_6_RagTag	84.351	262	35	3	554	809	11525279	11525018	1.71e-65	252	AL27_v1
AL6G37960	scaffold_6_RagTag	97.398	2767	38	13	1	2739	11524873	11527633	0	4680	AL27_v1
AL6G37960	scaffold_6_RagTag	88.531	2764	196	64	23	2732	11533284	11535980	0	3236	AL27_v1
AL6G37960	scaffold_6_RagTag	81.598	413	57	10	1	407	11515365	11514966	1.25e-86	324	AL27_v1
AL6G37960	scaffold_6_RagTag	77.043	575	77	26	652	1201	11514794	11514250	2.75e-73	279	AL27_v1
AL6G37960	scaffold_6_RagTag	100	51	0	0	2733	2783	11527655	11527705	1.07e-17	95.3	AL27_v1
AL6G37970	scaffold_6_RagTag	91.913	1286	60	24	1	1266	11533248	11534509	0	1759	AL27_v1
AL6G37970	scaffold_6_RagTag	90	1240	80	18	37	1263	11524895	11526103	0	1563	AL27_v1
AL6G37970	scaffold_6_RagTag	81.201	383	48	11	46	420	11515332	11514966	7.39e-76	287	AL27_v1
AL6G37970	scaffold_6_RagTag	84.815	270	24	9	962	1231	11514502	11514250	2.08e-66	255	AL27_v1
AL6G37980	scaffold_6_RagTag	96.705	1821	36	8	1	1815	11534255	11536057	0	3009	AL27_v1
AL6G37980	scaffold_6_RagTag	88.313	1583	111	43	272	1815	11526157	11527704	0	1831	AL27_v1
AL6G37980	scaffold_6_RagTag	91.732	254	16	4	1	252	11525853	11526103	4.82e-94	348	AL27_v1
AL6G37980	scaffold_6_RagTag	86.818	220	17	5	1	220	11514457	11514250	3.92e-60	235	AL27_v1
AL8G21140	scaffold_8_RagTag	94.487	1034	23	12	1	1027	9613580	9614586	0	1563	AL27_v1
AL8G21140	scaffold_8_RagTag	98.734	316	4	0	1023	1338	9620289	9620604	2.52e-158	562	AL27_v1
AL8G21140	scaffold_6_RagTag	74.477	1720	321	87	1222	2876	11525960	11527626	1.47e-180	636	AL27_v1
AL6G37940	scaffold_6	95.55	382	9	2	439	812	13544952	13544571	1.23e-171	604	ALR.ragtag.scaffold_chr_15_1_24.masked
AL6G37940	scaffold_6	95.149	268	9	3	1	266	13550867	13550602	4.77e-116	420	ALR.ragtag.scaffold_chr_15_1_24.masked
AL6G37940	scaffold_6	79.25	400	55	18	439	812	13581036	13580639	5.11e-66	254	ALR.ragtag.scaffold_chr_15_1_24.masked
AL6G37940	scaffold_6	97.638	127	3	0	257	383	13545202	13545076	1.87e-55	219	ALR.ragtag.scaffold_chr_15_1_24.masked
AL6G37960	scaffold_6	90.655	2793	177	40	3	2739	13580486	13583250	0	3635	ALR.ragtag.scaffold_chr_15_1_24.masked
AL6G37960	scaffold_6	79.646	2034	284	87	762	2733	13550602	13552567	0	1343	ALR.ragtag.scaffold_chr_15_1_24.masked
AL6G37960	scaffold_6	80.101	794	96	34	8	771	13544441	13545202	5.72e-150	534	ALR.ragtag.scaffold_chr_15_1_24.masked
AL6G37960	scaffold_6	100	51	0	0	2733	2783	13583272	13583322	1.15e-17	95.3	ALR.ragtag.scaffold_chr_15_1_24.masked
AL6G37960	scaffold_8	74.238	1312	257	57	1460	2732	9792837	9794106	3.52e-132	475	ALR.ragtag.scaffold_chr_15_1_24.masked
AL6G37970	scaffold_6	92.913	1284	46	22	6	1266	13580489	13581750	0	1825	ALR.ragtag.scaffold_chr_15_1_24.masked
AL6G37970	scaffold_6	78.674	769	98	32	46	782	13544467	13545201	2.67e-125	451	ALR.ragtag.scaffold_chr_15_1_24.masked
AL6G37970	scaffold_6	84.437	302	38	8	959	1257	13550768	13551063	2.21e-76	289	ALR.ragtag.scaffold_chr_15_1_24.masked
AL6G37980	scaffold_6	91.896	1851	85	33	3	1815	13581498	13583321	0	2527	ALR.ragtag.scaffold_chr_15_1_24.masked
AL6G37980	scaffold_6	80.508	1888	229	78	1	1815	13550818	13552639	0	1319	ALR.ragtag.scaffold_chr_15_1_24.masked
AL8G21140	scaffold_8	96.279	1317	33	7	1567	2879	9792805	9794109	0	2146	ALR.ragtag.scaffold_chr_15_1_24.masked
AL8G21140	scaffold_8	93.413	926	48	7	3	921	9763667	9762748	0	1360	ALR.ragtag.scaffold_chr_15_1_24.masked
AL8G21140	scaffold_8	90.444	450	30	8	1131	1574	9792030	9792472	7.5e-164	580	ALR.ragtag.scaffold_chr_15_1_24.masked
AL8G21140	scaffold_8	93.694	111	6	1	960	1069	9762755	9762645	8.95e-39	165	ALR.ragtag.scaffold_chr_15_1_24.masked
AL8G21140	scaffold_6	74.723	1717	322	78	1209	2876	13581590	13583243	0	664	ALR.ragtag.scaffold_chr_15_1_24.masked
AL8G21140	scaffold_6	76.86	484	82	20	130	604	13544504	13544966	3.11e-63	246	ALR.ragtag.scaffold_chr_15_1_24.masked
AL6G37940	scaffold_6_RagTag	95.065	385	14	3	1	383	12652620	12652239	1.62e-170	601	BAM12_v2
AL6G37940	scaffold_6_RagTag	95.026	382	9	3	439	812	12652115	12651736	9.78e-168	592	BAM12_v2
AL6G37940	scaffold_6_RagTag	79.847	392	49	14	439	809	12664951	12664569	1.13e-67	259	BAM12_v2
AL6G37960	scaffold_6_RagTag	90.735	2774	185	38	1	2732	12664413	12667156	0	3633	BAM12_v2
AL6G37960	scaffold_6_RagTag	79.886	2809	382	115	8	2733	12651606	12654314	0	1888	BAM12_v2
AL6G37970	scaffold_6_RagTag	92.762	1271	59	18	6	1266	12664418	12665665	0	1807	BAM12_v2
AL6G37970	scaffold_6_RagTag	77.946	1256	162	65	46	1257	12651632	12652816	0	678	BAM12_v2
AL6G37980	scaffold_6_RagTag	92.432	1850	78	33	1	1815	12665411	12667233	0	2584	BAM12_v2
AL6G37980	scaffold_6_RagTag	80.922	1887	217	82	1	1815	12652571	12654386	0	1358	BAM12_v2
AL8G21140	scaffold_6_RagTag	76.763	482	84	18	130	604	12651669	12652129	1.15e-62	244	BAM12_v2
AL6G37940	scaffold_6_RagTag:0-24760478	96.565	757	14	5	1	749	11630735	11631487	0	1243	BOR_v1
AL6G37940	scaffold_6_RagTag:0-24760478	83.969	262	36	3	554	809	11642693	11642432	8.04e-64	246	BOR_v1
AL6G37940	scaffold_6_RagTag:0-24760478	100	44	0	0	769	812	11631484	11631527	2.4e-14	82.4	BOR_v1
AL6G37960	scaffold_6_RagTag:0-24760478	97.467	2764	38	8	1	2739	11642287	11645043	0	4687	BOR_v1
AL6G37960	scaffold_6_RagTag:0-24760478	77.174	552	79	25	667	1201	11631098	11630577	1e-72	278	BOR_v1
AL6G37960	scaffold_6_RagTag:0-24760478	76.119	536	62	30	4	519	11631661	11631172	1.71e-55	220	BOR_v1
AL6G37960	scaffold_6_RagTag:0-24760478	100	51	0	0	2733	2783	11645065	11645115	1.08e-17	95.3	BOR_v1
AL6G37960	scaffold_8_RagTag:0-21093757	73.836	1697	340	73	1089	2732	9983136	9984781	2.45e-163	579	BOR_v1
AL6G37970	scaffold_6_RagTag:0-24760478	89.919	1240	76	19	37	1263	11642309	11643512	0	1552	BOR_v1
AL6G37970	scaffold_6_RagTag:0-24760478	85.556	270	22	9	962	1231	11630829	11630577	9.74e-70	267	BOR_v1
AL6G37970	scaffold_6_RagTag:0-24760478	79.375	320	42	9	229	532	11631483	11631172	7.75e-51	204	BOR_v1
AL6G37980	scaffold_6_RagTag:0-24760478	87.513	1890	124	59	1	1815	11643262	11645114	0	2080	BOR_v1
AL6G37980	scaffold_6_RagTag:0-24760478	87.727	220	15	5	1	220	11630784	11630577	1.83e-63	246	BOR_v1
AL8G21140	scaffold_8_RagTag:0-21093757	97.745	2883	44	8	3	2879	9981917	9984784	0	4944	BOR_v1
AL8G21140	scaffold_6_RagTag:0-24760478	74.143	1721	326	85	1222	2876	11643369	11645036	1.5e-170	603	BOR_v1
AL8G21140	scaffold_6_RagTag:0-24760478	79.31	319	56	9	277	589	11631487	11631173	8.24e-54	215	BOR_v1
AL6G37940	scaffold_6_RagTag	95.844	385	12	3	1	383	10234115	10233733	4.31e-176	619	F1-14.ragtag.scaffold_chr
AL6G37940	scaffold_6_RagTag	95.55	382	9	2	439	812	10233609	10233228	1.21e-171	604	F1-14.ragtag.scaffold_chr
AL6G37940	scaffold_6_RagTag	79.442	394	57	14	439	812	10240141	10239752	3.89e-67	257	F1-14.ragtag.scaffold_chr
AL6G37960	scaffold_6_RagTag	90.811	2786	178	40	3	2739	10239599	10242355	0	3655	F1-14.ragtag.scaffold_chr
AL6G37960	scaffold_6_RagTag	79.659	2817	381	125	8	2733	10233098	10235813	0	1851	F1-14.ragtag.scaffold_chr
AL6G37960	scaffold_6_RagTag	100	51	0	0	2733	2783	10242377	10242427	1.13e-17	95.3	F1-14.ragtag.scaffold_chr
AL6G37960	scaffold_8_RagTag	73.265	1859	365	87	59	1824	11257427	11259246	3.34e-157	558	F1-14.ragtag.scaffold_chr
AL6G37970	scaffold_6_RagTag	93.109	1277	49	22	6	1266	10239602	10240855	0	1834	F1-14.ragtag.scaffold_chr
AL6G37970	scaffold_6_RagTag	77.981	1258	161	63	46	1257	10233124	10234311	0	682	F1-14.ragtag.scaffold_chr
AL6G37970	scaffold_8_RagTag	82.781	151	26	0	1106	1256	11258491	11258641	3e-30	135	F1-14.ragtag.scaffold_chr
AL6G37980	scaffold_6_RagTag	91.905	1853	85	33	1	1815	10240601	10242426	0	2531	F1-14.ragtag.scaffold_chr
AL6G37980	scaffold_6_RagTag	80.508	1888	227	80	1	1815	10234066	10235885	0	1317	F1-14.ragtag.scaffold_chr
AL6G37980	scaffold_8_RagTag	76.571	764	144	26	95	833	11258491	11259244	1.08e-105	387	F1-14.ragtag.scaffold_chr
AL8G21140	scaffold_8_RagTag	98.287	934	8	2	1954	2879	11259559	11260492	0	1629	F1-14.ragtag.scaffold_chr
AL8G21140	scaffold_8_RagTag	94.118	1020	45	6	951	1968	11258233	11259239	0	1537	F1-14.ragtag.scaffold_chr
AL8G21140	scaffold_8_RagTag	95.085	936	35	5	1	925	11257308	11258243	0	1463	F1-14.ragtag.scaffold_chr
AL8G21140	scaffold_6_RagTag	74.723	1717	322	78	1209	2876	10240695	10242348	0	664	F1-14.ragtag.scaffold_chr
AL8G21140	scaffold_6_RagTag	74.094	745	130	39	130	859	10233161	10233857	8.5e-64	248	F1-14.ragtag.scaffold_chr
AL6G37940	scaffold_6_RagTag	96.662	719	15	4	100	812	11621905	11622620	0	1186	KN003hexa_v0
AL6G37940	scaffold_6_RagTag	83.969	262	36	3	554	809	11642448	11642187	8.31e-64	246	KN003hexa_v0
AL6G37940	scaffold_6_RagTag	82.836	268	36	4	554	812	11651901	11651635	2.33e-59	231	KN003hexa_v0
AL6G37940	scaffold_6_RagTag	100	90	0	0	27	116	11621547	11621636	6.66e-40	167	KN003hexa_v0
AL6G37960	scaffold_6_RagTag	98.51	2751	22	8	1	2739	11642042	11644785	0	4835	KN003hexa_v0
AL6G37960	scaffold_6_RagTag	88.821	2773	188	55	23	2732	11651518	11654231	0	3291	KN003hexa_v0
AL6G37960	scaffold_6_RagTag	81.752	411	58	9	1	407	11622759	11622362	1.01e-87	327	KN003hexa_v0
AL6G37960	scaffold_6_RagTag	90.244	123	8	3	1081	1201	11619607	11619487	1.41e-36	158	KN003hexa_v0
AL6G37960	scaffold_6_RagTag	100	51	0	0	2733	2783	11644807	11644857	1.12e-17	95.3	KN003hexa_v0
AL6G37960	scaffold_8_RagTag	74.12	1704	330	77	1089	2732	10028414	10030066	5.4e-170	601	KN003hexa_v0
AL6G37970	scaffold_6_RagTag	99.842	1266	2	0	1	1266	11651482	11652747	0	2327	KN003hexa_v0
AL6G37970	scaffold_6_RagTag	89.744	1248	74	23	37	1263	11642064	11643278	0	1546	KN003hexa_v0
AL6G37970	scaffold_6_RagTag	81.365	381	49	10	46	420	11622726	11622362	5.98e-77	291	KN003hexa_v0
AL6G37970	scaffold_6_RagTag	100	130	0	0	1102	1231	11619616	11619487	6.1e-62	241	KN003hexa_v0
AL6G37980	scaffold_6_RagTag	99.504	1816	8	1	1	1815	11652493	11654308	0	3302	KN003hexa_v0
AL6G37980	scaffold_6_RagTag	88.27	1867	129	43	1	1815	11643028	11644856	0	2152	KN003hexa_v0
AL6G37980	scaffold_6_RagTag	100	130	0	0	91	220	11619616	11619487	8.8e-62	241	KN003hexa_v0
AL8G21140	scaffold_8_RagTag	99.027	2879	4	2	1	2879	10027215	10030069	0	5140	KN003hexa_v0
AL8G21140	scaffold_6_RagTag	74.75	1703	323	80	1222	2876	11643135	11644778	0	664	KN003hexa_v0
AL6G37940	scaffold_6_RagTag	96.662	719	15	4	100	812	11472028	11472743	0	1186	KN005_v1
AL6G37940	scaffold_6_RagTag	83.588	262	37	3	554	809	11492481	11492220	3.81e-62	241	KN005_v1
AL6G37940	scaffold_6_RagTag	82.836	268	36	4	554	812	11501916	11501650	2.29e-59	231	KN005_v1
AL6G37940	scaffold_6_RagTag	100	90	0	0	27	116	11471670	11471759	6.55e-40	167	KN005_v1
AL6G37960	scaffold_6_RagTag	98.216	2746	22	11	1	2739	11492075	11494800	0	4774	KN005_v1
AL6G37960	scaffold_6_RagTag	88.821	2773	188	55	23	2732	11501533	11504246	0	3291	KN005_v1
AL6G37960	scaffold_6_RagTag	81.752	411	58	9	1	407	11472882	11472485	9.97e-88	327	KN005_v1
AL6G37960	scaffold_6_RagTag	90.244	123	8	3	1081	1201	11469730	11469610	1.38e-36	158	KN005_v1
AL6G37960	scaffold_6_RagTag	100	51	0	0	2733	2783	11494822	11494872	1.1e-17	95.3	KN005_v1
AL6G37960	scaffold_8_RagTag	74.061	1704	331	77	1089	2732	9977632	9979284	2.48e-168	595	KN005_v1
AL6G37970	scaffold_6_RagTag	99.842	1266	2	0	1	1266	11501497	11502762	0	2327	KN005_v1
AL6G37970	scaffold_6_RagTag	89.113	1240	79	22	37	1263	11492097	11493293	0	1491	KN005_v1
AL6G37970	scaffold_6_RagTag	81.365	381	49	10	46	420	11472849	11472485	5.88e-77	291	KN005_v1
AL6G37970	scaffold_6_RagTag	100	130	0	0	1102	1231	11469739	11469610	6.01e-62	241	KN005_v1
AL6G37980	scaffold_6_RagTag	99.504	1816	8	1	1	1815	11502508	11504323	0	3302	KN005_v1
AL6G37980	scaffold_6_RagTag	88.27	1867	129	43	1	1815	11493043	11494871	0	2152	KN005_v1
AL6G37980	scaffold_6_RagTag	100	130	0	0	91	220	11469739	11469610	8.67e-62	241	KN005_v1
AL8G21140	scaffold_8_RagTag	99.166	2879	2	2	1	2879	9976431	9979287	0	5164	KN005_v1
AL8G21140	scaffold_6_RagTag	74.75	1703	323	80	1222	2876	11493150	11494793	0	664	KN005_v1
AL6G37940	scaffold_6_RagTag	99.877	813	0	1	1	812	11931610	11932422	0	1495	KN006_v1
AL6G37940	scaffold_6_RagTag	83.969	262	36	3	554	809	11952698	11952437	8.65e-64	246	KN006_v1
AL6G37940	scaffold_6_RagTag	82.836	268	36	4	554	812	11962137	11961871	2.42e-59	231	KN006_v1
AL6G37960	scaffold_6_RagTag	99.452	2739	9	1	1	2739	11952292	11955024	0	4970	KN006_v1
AL6G37960	scaffold_6_RagTag	88.825	2774	182	54	23	2732	11961754	11964463	0	3288	KN006_v1
AL6G37960	scaffold_6_RagTag	81.752	411	58	9	1	407	11932561	11932164	1.05e-87	327	KN006_v1
AL6G37960	scaffold_6_RagTag	77.408	571	78	26	652	1201	11931992	11931452	3.85e-77	292	KN006_v1
AL6G37960	scaffold_6_RagTag	100	51	0	0	2733	2783	11955046	11955096	1.16e-17	95.3	KN006_v1
AL6G37960	scaffold_8_RagTag	74.046	1703	333	76	1089	2732	10411624	10413276	2.62e-168	595	KN006_v1
AL6G37970	scaffold_6_RagTag	99.842	1266	2	0	1	1266	11961718	11962983	0	2327	KN006_v1
AL6G37970	scaffold_6_RagTag	89.597	1240	80	19	37	1263	11952314	11953517	0	1530	KN006_v1
AL6G37970	scaffold_6_RagTag	81.538	390	48	12	39	420	11932537	11932164	1.03e-79	300	KN006_v1
AL6G37970	scaffold_6_RagTag	85.556	270	22	9	962	1231	11931704	11931452	1.05e-69	267	KN006_v1
AL6G37980	scaffold_6_RagTag	97.363	1820	35	7	1	1815	11962729	11964540	0	3083	KN006_v1
AL6G37980	scaffold_6_RagTag	87.781	1866	140	46	1	1815	11953267	11955095	0	2102	KN006_v1
AL6G37980	scaffold_6_RagTag	87.727	220	15	5	1	220	11931659	11931452	1.97e-63	246	KN006_v1
AL8G21140	scaffold_8_RagTag	98.923	2879	3	2	1	2879	10410429	10413279	0	5120	KN006_v1
AL8G21140	scaffold_6_RagTag	74.076	1705	331	77	1222	2876	11953374	11955017	7.53e-169	597	KN006_v1
AL6G37940	scaffold_6_RagTag	100	812	0	0	1	812	11968440	11969251	0	1500	MN47_mabs_v3
AL6G37940	scaffold_6_RagTag	83.969	262	36	3	554	809	11989674	11989413	8.65e-64	246	MN47_mabs_v3
AL6G37940	scaffold_6_RagTag	82.836	268	36	4	554	812	11999064	11998798	2.42e-59	231	MN47_mabs_v3
AL6G37960	scaffold_6_RagTag	100	2783	0	0	1	2783	11989268	11992050	0	5140	MN47_mabs_v3
AL6G37960	scaffold_6_RagTag	88.721	2775	186	58	23	2732	11998681	12001393	0	3273	MN47_mabs_v3
AL6G37960	scaffold_6_RagTag	81.509	411	59	9	1	407	11969390	11968993	4.91e-86	322	MN47_mabs_v3
AL6G37960	scaffold_6_RagTag	77.719	570	77	26	652	1201	11968821	11968282	1.78e-80	303	MN47_mabs_v3
AL6G37960	scaffold_8_RagTag	74.076	1705	331	77	1089	2732	12525769	12527423	7.28e-169	597	MN47_mabs_v3
AL6G37970	scaffold_6_RagTag	100	1266	0	0	1	1266	11998645	11999910	0	2338	MN47_mabs_v3
AL6G37970	scaffold_6_RagTag	90.161	1240	79	18	37	1263	11989290	11990499	0	1574	MN47_mabs_v3
AL6G37970	scaffold_6_RagTag	81.282	390	49	12	39	420	11969366	11968993	4.81e-78	294	MN47_mabs_v3
AL6G37970	scaffold_6_RagTag	85.926	270	21	9	962	1231	11968534	11968282	2.25e-71	272	MN47_mabs_v3
AL6G37980	scaffold_6_RagTag	100	1815	0	0	1	1815	11999656	12001470	0	3352	MN47_mabs_v3
AL6G37980	scaffold_6_RagTag	88.094	1789	124	42	1	1738	11990249	11991999	0	2041	MN47_mabs_v3
AL6G37980	scaffold_6_RagTag	88.182	220	14	5	1	220	11968489	11968282	4.23e-65	252	MN47_mabs_v3
AL8G21140	scaffold_8_RagTag	99.931	2881	0	1	1	2879	12524546	12527426	0	5308	MN47_mabs_v3
AL8G21140	scaffold_6_RagTag	74.076	1705	331	77	1222	2876	11990356	11991999	7.53e-169	597	MN47_mabs_v3
AL6G37940	scaffold_6_RagTag	100	812	0	0	1	812	11968440	11969251	0	1500	MN47_v4
AL6G37940	scaffold_6_RagTag	83.969	262	36	3	554	809	11989674	11989413	8.65e-64	246	MN47_v4
AL6G37940	scaffold_6_RagTag	82.836	268	36	4	554	812	11999064	11998798	2.42e-59	231	MN47_v4
AL6G37960	scaffold_6_RagTag	100	2783	0	0	1	2783	11989268	11992050	0	5140	MN47_v4
AL6G37960	scaffold_6_RagTag	88.721	2775	186	58	23	2732	11998681	12001393	0	3273	MN47_v4
AL6G37960	scaffold_6_RagTag	81.509	411	59	9	1	407	11969390	11968993	4.9e-86	322	MN47_v4
AL6G37960	scaffold_6_RagTag	77.719	570	77	26	652	1201	11968821	11968282	1.78e-80	303	MN47_v4
AL6G37960	scaffold_8_RagTag	74.076	1705	331	77	1089	2732	12525769	12527423	7.28e-169	597	MN47_v4
AL6G37970	scaffold_6_RagTag	100	1266	0	0	1	1266	11998645	11999910	0	2338	MN47_v4
AL6G37970	scaffold_6_RagTag	90.161	1240	79	18	37	1263	11989290	11990499	0	1574	MN47_v4
AL6G37970	scaffold_6_RagTag	81.282	390	49	12	39	420	11969366	11968993	4.81e-78	294	MN47_v4
AL6G37970	scaffold_6_RagTag	85.926	270	21	9	962	1231	11968534	11968282	2.25e-71	272	MN47_v4
AL6G37980	scaffold_6_RagTag	100	1815	0	0	1	1815	11999656	12001470	0	3352	MN47_v4
AL6G37980	scaffold_6_RagTag	88.094	1789	124	42	1	1738	11990249	11991999	0	2041	MN47_v4
AL6G37980	scaffold_6_RagTag	88.182	220	14	5	1	220	11968489	11968282	4.23e-65	252	MN47_v4
AL8G21140	scaffold_8_RagTag	99.931	2881	0	1	1	2879	12524546	12527426	0	5308	MN47_v4
AL8G21140	scaffold_6_RagTag	74.076	1705	331	77	1222	2876	11990356	11991999	7.53e-169	597	MN47_v4
AL6G37940	scaffold_6_RagTag	95.844	385	12	3	1	383	12092733	12092351	4.27e-176	619	Nla.ragtag.scaffold_chr
AL6G37940	scaffold_6_RagTag	95.55	382	9	2	439	812	12092227	12091846	1.2e-171	604	Nla.ragtag.scaffold_chr
AL6G37940	scaffold_6_RagTag	79.442	394	59	13	439	812	12108234	12107843	1.07e-67	259	Nla.ragtag.scaffold_chr
AL6G37960	scaffold_6_RagTag	90.09	2785	197	45	3	2739	12107690	12110443	0	3541	Nla.ragtag.scaffold_chr
AL6G37960	scaffold_6_RagTag	79.825	2632	349	112	8	2563	12091716	12094241	0	1751	Nla.ragtag.scaffold_chr
AL6G37960	scaffold_6_RagTag	100	41	0	0	2733	2773	12110465	12110505	4.07e-12	76.8	Nla.ragtag.scaffold_chr
AL6G37960	scaffold_8_RagTag	72.43	428	88	25	2093	2503	11642349	11642763	4.01e-22	110	Nla.ragtag.scaffold_chr
AL6G37970	scaffold_6_RagTag	93.276	1279	45	22	6	1266	12107693	12108948	0	1847	Nla.ragtag.scaffold_chr
AL6G37970	scaffold_6_RagTag	77.901	1258	159	65	46	1257	12091742	12092926	0	673	Nla.ragtag.scaffold_chr
AL6G37980	scaffold_6_RagTag	91.503	1836	96	33	1	1803	12108694	12110502	0	2471	Nla.ragtag.scaffold_chr
AL6G37980	scaffold_6_RagTag	80.955	1612	190	61	1	1549	12092684	12094241	0	1168	Nla.ragtag.scaffold_chr
AL6G37980	scaffold_6_RagTag	85.455	220	23	5	1600	1815	12099733	12099947	1.15e-55	220	Nla.ragtag.scaffold_chr
AL8G21140	scaffold_8_RagTag	97.311	1785	20	7	3	1786	11636517	11638274	0	3005	Nla.ragtag.scaffold_chr
AL8G21140	scaffold_8_RagTag	99.301	429	3	0	2215	2643	11642338	11642766	0	776	Nla.ragtag.scaffold_chr
AL8G21140	scaffold_8_RagTag	96.019	427	12	1	1784	2210	11640560	11640981	0	689	Nla.ragtag.scaffold_chr
AL8G21140	scaffold_8_RagTag	100	57	0	0	2823	2879	11642764	11642820	5.37e-21	106	Nla.ragtag.scaffold_chr
AL8G21140	scaffold_6_RagTag	75.044	1719	308	81	1209	2876	12108788	12110436	0	686	Nla.ragtag.scaffold_chr
AL8G21140	scaffold_6_RagTag	74.094	745	130	39	130	859	12091779	12092475	8.43e-64	248	Nla.ragtag.scaffold_chr
AL6G37940	scaffold_6	98.649	814	8	2	1	812	11453506	11454318	0	1439	NT1_v2
AL6G37940	scaffold_6	84.351	262	35	3	554	809	11463524	11463263	1.79e-65	252	NT1_v2
AL6G37960	scaffold_6	96.359	2774	32	22	1	2739	11463125	11465864	0	4499	NT1_v2
AL6G37960	scaffold_6	89.064	2734	201	54	23	2732	11476219	11478878	0	3302	NT1_v2
AL6G37960	scaffold_6	81.022	411	61	9	1	407	11454457	11454060	1.02e-82	311	NT1_v2
AL6G37960	scaffold_6	100	51	0	0	2733	2783	11465886	11465936	1.12e-17	95.3	NT1_v2
AL6G37970	scaffold_6	93.223	1269	48	18	1	1266	11476183	11477416	0	1832	NT1_v2
AL6G37970	scaffold_6	88.611	1238	80	21	37	1263	11463147	11464334	0	1448	NT1_v2
AL6G37970	scaffold_6	80.577	381	52	10	46	420	11454424	11454060	6.05e-72	274	NT1_v2
AL6G37970	scaffold_6	84.444	270	24	10	962	1231	11453599	11453348	1.02e-64	250	NT1_v2
AL6G37980	scaffold_6	96.59	1818	35	8	1	1815	11477162	11478955	0	2988	NT1_v2
AL6G37980	scaffold_6	88.557	1573	117	32	272	1815	11464397	11465935	0	1849	NT1_v2
AL6G37980	scaffold_6	91.339	254	17	4	1	252	11464084	11464334	2.36e-92	342	NT1_v2
AL6G37980	scaffold_6	86.364	220	17	6	1	220	11453554	11453348	6.89e-58	228	NT1_v2
AL8G21140	scaffold_8	92.325	1355	70	15	1131	2475	10167494	10168824	0	1895	NT1_v2
AL8G21140	scaffold_8	95.806	930	26	6	3	921	10137332	10136405	0	1489	NT1_v2
AL8G21140	scaffold_8	94.34	159	8	1	960	1117	10136412	10136254	3.92e-62	243	NT1_v2
AL8G21140	scaffold_8	97.458	118	3	0	2762	2879	10168856	10168973	6.66e-50	202	NT1_v2
AL8G21140	scaffold_6	74.916	1491	279	71	1420	2876	11464428	11465857	9.4e-168	593	NT1_v2
AL6G37940	scaffold_6_RagTag	95.325	385	13	3	1	383	13247118	13246737	3.58e-172	606	NT12_v2
AL6G37940	scaffold_6_RagTag	95.026	382	9	3	439	812	13246613	13246234	1e-167	592	NT12_v2
AL6G37940	scaffold_6_RagTag	79.104	402	52	20	439	809	13252953	13252553	2.5e-64	248	NT12_v2
AL6G37960	scaffold_6_RagTag	90.301	2794	178	47	1	2732	13252397	13255159	0	3572	NT12_v2
AL6G37960	scaffold_6_RagTag	79.744	2814	382	118	8	2733	13246104	13248817	0	1866	NT12_v2
AL6G37960	scaffold_8_RagTag	73.806	1466	290	67	1323	2732	10021494	10022921	1.02e-137	494	NT12_v2
AL6G37960	scaffold_8_RagTag	80.537	149	29	0	1078	1226	10021276	10021424	9.28e-24	115	NT12_v2
AL6G37970	scaffold_6_RagTag	91.628	1290	56	23	6	1266	13252402	13253668	0	1736	NT12_v2
AL6G37970	scaffold_6_RagTag	78.025	1256	161	64	46	1257	13246130	13247314	0	684	NT12_v2
AL6G37970	scaffold_8_RagTag	83.444	151	25	0	1106	1256	10021274	10021424	6.89e-32	141	NT12_v2
AL6G37980	scaffold_6_RagTag	92.649	1850	74	33	1	1815	13253414	13255236	0	2606	NT12_v2
AL6G37980	scaffold_6_RagTag	80.761	1892	216	86	1	1815	13247069	13248889	0	1341	NT12_v2
AL6G37980	scaffold_8_RagTag	74.37	1350	254	62	95	1405	10021274	10022570	2.38e-137	492	NT12_v2
AL6G37980	scaffold_8_RagTag	100	157	0	0	1659	1815	14035625	14035469	9.32e-77	291	NT12_v2
AL8G21140	scaffold_8_RagTag	94.144	2903	93	20	1	2879	10020075	10022924	0	4348	NT12_v2
AL8G21140	scaffold_6_RagTag	74.024	743	132	37	130	859	13246167	13246861	3.26e-63	246	NT12_v2
AL6G37940	scaffold_6_RagTag	92.987	385	13	7	1	383	12980469	12980097	6.06e-155	549	NT8_v2_fix
AL6G37940	scaffold_6_RagTag	96.889	225	7	0	588	812	12978240	12978016	3.03e-103	377	NT8_v2_fix
AL6G37940	scaffold_6_RagTag	83.27	263	34	4	556	809	12991596	12991335	6.94e-60	233	NT8_v2_fix
AL6G37940	scaffold_6_RagTag	95.205	146	2	2	454	596	12979953	12979810	1.16e-57	226	NT8_v2_fix
AL6G37960	scaffold_6_RagTag	91.031	2319	149	32	436	2732	12991690	12993971	0	3075	NT8_v2_fix
AL6G37960	scaffold_6_RagTag	79.635	1478	195	64	365	1790	12979810	12981233	0	965	NT8_v2_fix
AL6G37960	scaffold_6_RagTag	79.091	990	139	45	1774	2733	12986650	12987601	1.6e-175	619	NT8_v2_fix
AL6G37960	scaffold_6_RagTag	91.048	458	23	6	1	442	12991179	12991634	1.61e-170	603	NT8_v2_fix
AL6G37960	scaffold_6_RagTag	82.065	368	51	8	8	373	12977886	12978240	2.37e-79	300	NT8_v2_fix
AL6G37960	scaffold_8_RagTag	72.131	671	132	42	2093	2732	10848742	10849388	7.01e-35	152	NT8_v2_fix
AL6G37970	scaffold_6_RagTag	92.692	821	27	11	449	1266	12991690	12992480	0	1153	NT8_v2_fix
AL6G37970	scaffold_6_RagTag	94.027	452	24	3	6	455	12991184	12991634	0	682	NT8_v2_fix
AL6G37970	scaffold_6_RagTag	84.818	303	35	10	959	1257	12980370	12980665	4.95e-78	294	NT8_v2_fix
AL6G37970	scaffold_6_RagTag	80.87	345	46	9	46	386	12977912	12978240	8.4e-66	254	NT8_v2_fix
AL6G37980	scaffold_6_RagTag	92.595	1850	75	33	1	1815	12992226	12994048	0	2601	NT8_v2_fix
AL6G37980	scaffold_6_RagTag	79.889	1079	116	51	783	1815	12986650	12987673	0	697	NT8_v2_fix
AL6G37980	scaffold_6_RagTag	82.346	827	106	27	1	800	12980420	12981233	0	682	NT8_v2_fix
AL8G21140	scaffold_8_RagTag	95.713	933	25	5	3	921	10770278	10769347	0	1487	NT8_v2_fix
AL8G21140	scaffold_8_RagTag	91.255	972	57	12	1131	2090	10811249	10812204	0	1299	NT8_v2_fix
AL8G21140	scaffold_8_RagTag	91.5	800	43	7	2086	2879	10848611	10849391	0	1077	NT8_v2_fix
AL8G21140	scaffold_8_RagTag	93.529	170	10	1	960	1128	10769354	10769185	6.96e-65	252	NT8_v2_fix
AL6G37940	scaffold_6_RagTag	95.065	385	14	3	1	383	13249601	13249220	1.65e-170	601	NT9_v2
AL6G37940	scaffold_6_RagTag	95.288	382	8	3	439	812	13249096	13248717	2.14e-169	597	NT9_v2
AL6G37940	scaffold_6_RagTag	79.695	394	56	12	439	809	13261054	13260662	8.86e-69	263	NT9_v2
AL6G37960	scaffold_6_RagTag	90.312	2787	184	45	1	2732	13260506	13263261	0	3572	NT9_v2
AL6G37960	scaffold_6_RagTag	79.782	1652	220	70	8	1605	13248587	13250178	0	1096	NT9_v2
AL6G37960	scaffold_6_RagTag	80.318	1133	153	45	1632	2733	13255813	13256906	0	793	NT9_v2
AL6G37960	scaffold_8_RagTag	73.849	1694	336	69	1089	2732	10396566	10398202	3.52e-162	575	NT9_v2
AL6G37970	scaffold_6_RagTag	92.416	1279	56	20	6	1266	13260511	13261766	0	1786	NT9_v2
AL6G37970	scaffold_6_RagTag	78.025	1256	161	65	46	1257	13248613	13249797	0	684	NT9_v2
AL6G37980	scaffold_6_RagTag	92.341	1854	76	33	1	1815	13261512	13263338	0	2577	NT9_v2
AL6G37980	scaffold_6_RagTag	80.59	1221	136	53	641	1815	13255813	13256978	0	848	NT9_v2
AL6G37980	scaffold_6_RagTag	82.547	636	72	26	1	610	13249552	13250174	8.38e-147	523	NT9_v2
AL8G21140	scaffold_8_RagTag	96.729	1773	38	11	1108	2879	10396452	10398205	0	2935	NT9_v2
AL8G21140	scaffold_8_RagTag	96.071	1120	28	5	3	1120	10384979	10386084	0	1810	NT9_v2
AL8G21140	scaffold_6_RagTag	76.971	482	83	18	130	604	13248650	13249110	2.51e-64	250	NT9_v2
AL6G37940	scaffold_6	95.584	385	12	3	1	383	12247186	12246805	7.6e-174	612	PU6_v3_fin
AL6G37940	scaffold_6	95.288	382	8	3	439	812	12246681	12246302	2.13e-169	597	PU6_v3_fin
AL6G37940	scaffold_6	79.695	394	52	16	439	809	12253023	12252635	1.14e-67	259	PU6_v3_fin
AL6G37960	scaffold_6	89.233	2257	161	40	1	2218	12252492	12254705	0	2747	PU6_v3_fin
AL6G37960	scaffold_6	79.73	2812	384	117	8	2733	12246172	12248883	0	1864	PU6_v3_fin
AL6G37960	scaffold_6	93.797	532	28	4	2206	2732	12254725	12255256	0	795	PU6_v3_fin
AL6G37970	scaffold_6	90.446	1277	70	21	6	1266	12252497	12253737	0	1635	PU6_v3_fin
AL6G37970	scaffold_6	78.025	1256	161	65	46	1257	12246198	12247382	0	684	PU6_v3_fin
AL6G37980	scaffold_6	94.535	1226	60	5	1	1222	12253483	12254705	0	1886	PU6_v3_fin
AL6G37980	scaffold_6	81.963	1447	169	56	1	1405	12247137	12248533	0	1142	PU6_v3_fin
AL6G37980	scaffold_6	86.508	630	34	27	1213	1815	12254728	12255333	0	645	PU6_v3_fin
AL6G37980	scaffold_6	82.338	385	43	16	1436	1815	12248591	12248955	7.06e-83	311	PU6_v3_fin
AL8G21140	scaffold_8	96.616	1773	39	12	1108	2879	10785699	10787451	0	2922	PU6_v3_fin
AL8G21140	scaffold_8	96.607	1120	26	5	3	1120	10774179	10775288	0	1847	PU6_v3_fin
AL8G21140	scaffold_6	74.159	743	131	37	130	859	12246235	12246929	6.93e-65	252	PU6_v3_fin
AL6G37940	scaffold_6_RagTag	95.584	385	12	3	1	383	12740797	12740416	7.51e-174	612	TE11_v2
AL6G37940	scaffold_6_RagTag	95.288	382	8	3	439	812	12740292	12739913	2.1e-169	597	TE11_v2
AL6G37940	scaffold_6_RagTag	79.353	402	51	20	439	809	12752797	12752397	5.25e-66	254	TE11_v2
AL6G37960	scaffold_6_RagTag	90.226	2793	181	47	1	2732	12752241	12755002	0	3561	TE11_v2
AL6G37960	scaffold_6_RagTag	79.736	2655	357	113	36	2608	12739811	12742366	0	1755	TE11_v2
AL6G37960	scaffold_8_RagTag	73.892	1693	337	67	1089	2732	11418043	11419679	7.44e-164	580	TE11_v2
AL6G37970	scaffold_6_RagTag	91.932	1289	53	25	6	1266	12752246	12753511	0	1757	TE11_v2
AL6G37970	scaffold_6_RagTag	78.008	1255	160	66	47	1257	12739810	12740992	0	682	TE11_v2
AL6G37980	scaffold_6_RagTag	91.892	1850	88	33	1	1815	12753257	12755079	0	2529	TE11_v2
AL6G37980	scaffold_6_RagTag	80.964	1618	187	66	1	1549	12740748	12742313	0	1170	TE11_v2
AL6G37980	scaffold_6_RagTag	85.238	210	22	5	1610	1815	12747501	12747705	9.43e-52	207	TE11_v2
AL8G21140	scaffold_8_RagTag	96.729	1773	38	11	1108	2879	11417929	11419682	0	2935	TE11_v2
AL8G21140	scaffold_8_RagTag	97.153	1124	24	6	3	1120	11406436	11407557	0	1892	TE11_v2
AL8G21140	scaffold_6_RagTag	74.159	743	131	37	130	859	12739846	12740540	6.85e-65	252	TE11_v2
AL6G37940	scaffold_6_RagTag:0-26949342	97.189	498	8	4	316	812	12725387	12724895	0	837	TE4_v1
AL6G37940	scaffold_6_RagTag:0-26949342	95.584	385	12	3	1	383	12706603	12706222	7.61e-174	612	TE4_v1
AL6G37940	scaffold_6_RagTag:0-26949342	95.288	382	8	3	439	812	12706098	12705719	2.13e-169	597	TE4_v1
AL6G37940	scaffold_6_RagTag:0-26949342	98.762	323	4	0	1	323	12725942	12725620	9.98e-163	575	TE4_v1
AL6G37940	scaffold_6_RagTag:0-26949342	79.695	394	54	14	439	809	12732699	12732309	3.18e-68	261	TE4_v1
AL6G37940	scaffold_6_RagTag:0-26949342	79.695	394	52	16	439	809	12712445	12712057	1.14e-67	259	TE4_v1
AL6G37960	scaffold_6_RagTag:0-26949342	90.747	2745	186	42	23	2732	12711937	12714648	0	3600	TE4_v1
AL6G37960	scaffold_6_RagTag:0-26949342	90.683	2737	186	41	34	2732	12732197	12734902	0	3578	TE4_v1
AL6G37960	scaffold_6_RagTag:0-26949342	79.872	2812	380	117	8	2733	12705589	12708300	0	1886	TE4_v1
AL6G37960	scaffold_6_RagTag:0-26949342	90.5	600	39	12	1752	2346	12716493	12717079	0	776	TE4_v1
AL6G37960	scaffold_6_RagTag:0-26949342	82.496	577	57	21	2165	2732	12726997	12727538	2.2e-129	466	TE4_v1
AL6G37960	scaffold_6_RagTag:0-26949342	81.265	411	60	9	1	407	12724756	12725153	2.35e-84	316	TE4_v1
AL6G37960	scaffold_6_RagTag:0-26949342	77.299	511	72	25	705	1201	12725620	12726100	1.11e-67	261	TE4_v1
AL6G37960	scaffold_8_RagTag:237858-24797477	75.267	469	90	18	2281	2732	11945213	11945672	2.46e-49	200	TE4_v1
AL6G37970	scaffold_6_RagTag:0-26949342	92.627	1275	57	19	6	1266	12711906	12713157	0	1799	TE4_v1
AL6G37970	scaffold_6_RagTag:0-26949342	91.833	1249	61	21	35	1266	12732187	12733411	0	1703	TE4_v1
AL6G37970	scaffold_6_RagTag:0-26949342	78.105	1256	160	65	46	1257	12705615	12706799	0	689	TE4_v1
AL6G37970	scaffold_6_RagTag:0-26949342	81.33	391	47	14	39	420	12724780	12725153	4.94e-78	294	TE4_v1
AL6G37970	scaffold_6_RagTag:0-26949342	85.714	273	22	9	959	1231	12725845	12726100	2.32e-71	272	TE4_v1
AL6G37970	scaffold_6_RagTag:0-26949342	96.923	65	2	0	1	65	12729768	12729832	1.92e-22	110	TE4_v1
AL6G37980	scaffold_6_RagTag:0-26949342	92.595	1850	75	33	1	1815	12712903	12714725	0	2601	TE4_v1
AL6G37980	scaffold_6_RagTag:0-26949342	92.541	1850	76	33	1	1815	12733157	12734979	0	2595	TE4_v1
AL6G37980	scaffold_6_RagTag:0-26949342	80.847	1890	216	82	1	1815	12706554	12708372	0	1351	TE4_v1
AL6G37980	scaffold_6_RagTag:0-26949342	92.166	651	15	10	1169	1815	12726997	12727615	0	887	TE4_v1
AL6G37980	scaffold_6_RagTag:0-26949342	91.457	597	37	12	761	1353	12716493	12717079	0	808	TE4_v1
AL6G37980	scaffold_6_RagTag:0-26949342	88.182	220	14	5	1	220	12725893	12726100	4.35e-65	252	TE4_v1
AL8G21140	scaffold_8_RagTag:237858-24797477	96.946	2390	26	11	3	2384	11940254	11942604	0	3965	TE4_v1
AL8G21140	scaffold_8_RagTag:237858-24797477	97.59	498	7	1	2382	2879	11945183	11945675	0	848	TE4_v1
AL8G21140	scaffold_6_RagTag:0-26949342	74.159	743	131	37	130	859	12705652	12706346	6.94e-65	252	TE4_v1
AL6G37940	scaffold_6_RagTag:0-26335035	95.584	385	12	3	1	383	12510185	12509804	7.57e-174	612	TE8_v1
AL6G37940	scaffold_6_RagTag:0-26335035	95.55	382	7	3	439	812	12509680	12509301	4.56e-171	603	TE8_v1
AL6G37940	scaffold_6_RagTag:0-26335035	80	395	45	18	439	809	12516036	12515652	3.16e-68	261	TE8_v1
AL6G37960	scaffold_6_RagTag:0-26335035	90.454	2776	191	40	1	2732	12515496	12518241	0	3591	TE8_v1
AL6G37960	scaffold_6_RagTag:0-26335035	79.849	2784	376	116	36	2733	12509199	12511883	0	1862	TE8_v1
AL6G37960	scaffold_8_RagTag:0-24591694	74.04	1510	297	62	1089	2562	12026554	12028004	2.75e-148	529	TE8_v1
AL6G37970	scaffold_6_RagTag:0-26335035	91.66	1271	73	16	6	1266	12515501	12516748	0	1729	TE8_v1
AL6G37970	scaffold_6_RagTag:0-26335035	78.088	1255	160	65	47	1257	12509198	12510381	0	688	TE8_v1
AL6G37980	scaffold_6_RagTag:0-26335035	91.469	1852	94	33	1	1815	12516494	12518318	0	2486	TE8_v1
AL6G37980	scaffold_6_RagTag:0-26335035	80.889	1889	218	78	1	1815	12510136	12511955	0	1356	TE8_v1
AL8G21140	scaffold_8_RagTag:0-24591694	95.1	1694	53	13	1081	2772	12026413	12028078	0	2641	TE8_v1
AL8G21140	scaffold_8_RagTag:0-24591694	98.488	926	11	2	3	925	12025166	12026091	0	1629	TE8_v1
AL8G21140	scaffold_8_RagTag:0-24591694	97.351	151	4	0	945	1095	12026081	12026231	1.48e-66	257	TE8_v1
AL8G21140	scaffold_8_RagTag:0-24591694	98.198	111	2	0	2769	2879	12031086	12031196	1.18e-47	195	TE8_v1
AL8G21140	scaffold_6_RagTag:0-26335035	74.024	743	132	37	130	859	12509234	12509928	3.21e-63	246	TE8_v1
AL6G37940	scaffold_6_RagTag	95.584	385	12	3	1	383	13206478	13206097	7.33e-174	612	WS1_v2_s
AL6G37940	scaffold_6_RagTag	95.026	382	9	3	439	812	13205973	13205594	9.56e-168	592	WS1_v2_s
AL6G37940	scaffold_6_RagTag	79.012	405	51	22	439	809	13212334	13211930	8.57e-64	246	WS1_v2_s
AL6G37960	scaffold_6_RagTag	90.025	2797	175	56	1	2732	13211774	13214531	0	3524	WS1_v2_s
AL6G37960	scaffold_6_RagTag	79.381	2813	376	121	8	2733	13205464	13208159	0	1794	WS1_v2_s
AL6G37960	scaffold_8_RagTag	73.893	1287	241	66	1489	2732	11399697	11400931	1e-117	427	WS1_v2_s
AL6G37960	scaffold_8_RagTag	72.129	1245	242	66	59	1226	11394333	11395549	2.97e-73	279	WS1_v2_s
AL6G37970	scaffold_6_RagTag	91.783	1290	55	25	6	1266	13211779	13213046	0	1748	WS1_v2_s
AL6G37970	scaffold_6_RagTag	77.946	1256	162	62	46	1257	13205490	13206674	0	678	WS1_v2_s
AL6G37970	scaffold_8_RagTag	83.444	151	25	0	1106	1256	11395399	11395549	6.57e-32	141	WS1_v2_s
AL6G37980	scaffold_6_RagTag	91.81	1856	72	35	1	1815	13212792	13214608	0	2512	WS1_v2_s
AL6G37980	scaffold_6_RagTag	80.35	1888	213	84	1	1815	13206429	13208231	0	1286	WS1_v2_s
AL6G37980	scaffold_8_RagTag	83.444	151	25	0	95	245	11395399	11395549	9.47e-32	141	WS1_v2_s
AL8G21140	scaffold_8_RagTag	95.548	1258	21	8	1635	2879	11399699	11400934	0	1980	WS1_v2_s
AL8G21140	scaffold_8_RagTag	95.416	938	32	5	1	927	11394214	11395151	0	1483	WS1_v2_s
AL8G21140	scaffold_8_RagTag	90.216	695	40	10	949	1643	11395139	11395805	0	881	WS1_v2_s
AL8G21140	scaffold_6_RagTag	74.024	743	132	37	130	859	13205527	13206221	3.11e-63	246	WS1_v2_s
