qseqid	sseqid	pident	length	mismatch	gapopen	qstart	qend	sstart	send	evalue	bitscore	stitle
AL8G19400	scaffold_8_RagTag	96.063	381	13	1	1	379	5862692	5862312	1.98e-176	619	73_3a_fixed_genome_15_1_24
AL8G19400	scaffold_8_RagTag	95.515	379	16	1	1	379	5814718	5815095	5.55e-172	604	73_3a_fixed_genome_15_1_24
AL8G19400	scaffold_8_RagTag	90.862	383	25	3	1	377	5822382	5822760	5.79e-142	505	73_3a_fixed_genome_15_1_24
AL8G19400	scaffold_8_RagTag	80.519	385	41	14	1	365	5809021	5809391	1.07e-69	265	73_3a_fixed_genome_15_1_24
AL8G19410	scaffold_8_RagTag	96.588	381	11	1	1	379	5862692	5862312	9.16e-180	630	73_3a_fixed_genome_15_1_24
AL8G19410	scaffold_8_RagTag	96.042	379	14	1	1	379	5814718	5815095	2.57e-175	616	73_3a_fixed_genome_15_1_24
AL8G19410	scaffold_8_RagTag	91.384	383	23	3	1	377	5822382	5822760	2.68e-145	516	73_3a_fixed_genome_15_1_24
AL8G19410	scaffold_8_RagTag	81.299	385	38	14	1	365	5809021	5809391	1.06e-74	281	73_3a_fixed_genome_15_1_24
AL8G19420	scaffold_8_RagTag	96.588	381	12	1	1	380	5862692	5862312	9.19e-180	630	73_3a_fixed_genome_15_1_24
AL8G19420	scaffold_8_RagTag	95.526	380	15	1	1	380	5814718	5815095	1.55e-172	606	73_3a_fixed_genome_15_1_24
AL8G19420	scaffold_8_RagTag	91.123	383	25	2	1	378	5822382	5822760	1.25e-143	510	73_3a_fixed_genome_15_1_24
AL8G19430	scaffold_8_RagTag	96.579	380	12	1	1	380	5822382	5822760	3.32e-179	628	73_3a_fixed_genome_15_1_24
AL8G19430	scaffold_8_RagTag	91.579	380	23	3	7	382	5862686	5862312	2.7e-145	516	73_3a_fixed_genome_15_1_24
AL8G19430	scaffold_8_RagTag	90.415	386	25	5	1	382	5814718	5815095	9.78e-140	497	73_3a_fixed_genome_15_1_24
AL8G19430	scaffold_8_RagTag	79.784	371	38	17	18	368	5809038	5809391	8.47e-61	235	73_3a_fixed_genome_15_1_24
AL8G19452	scaffold_8_RagTag	98.163	381	7	0	1	381	5862312	5862692	0	665	73_3a_fixed_genome_15_1_24
AL8G19452	scaffold_8_RagTag	94.488	381	18	1	1	381	5815095	5814718	7.28e-166	584	73_3a_fixed_genome_15_1_24
AL8G19452	scaffold_8_RagTag	90.365	384	27	3	3	381	5822760	5822382	3.51e-139	496	73_3a_fixed_genome_15_1_24
AL8G19452	scaffold_8_RagTag	80.779	385	42	17	15	381	5809391	5809021	6.43e-72	272	73_3a_fixed_genome_15_1_24
AL8G19400	scaffold_8_RagTag	97.632	380	8	1	1	379	5979533	5979912	0	651	AL08_v2_f
AL8G19400	scaffold_8_RagTag	96.588	381	11	1	1	379	6011872	6011492	8.4e-180	630	AL08_v2_f
AL8G19400	scaffold_8_RagTag	90.933	386	24	3	1	379	5998817	5999198	4.11e-143	508	AL08_v2_f
AL8G19410	scaffold_8_RagTag	98.158	380	6	1	1	379	5979533	5979912	0	662	AL08_v2_f
AL8G19410	scaffold_8_RagTag	97.113	381	9	1	1	379	6011872	6011492	0	641	AL08_v2_f
AL8G19410	scaffold_8_RagTag	91.451	386	22	3	1	379	5998817	5999198	1.9e-146	520	AL08_v2_f
AL8G19420	scaffold_8_RagTag	98.158	380	7	0	1	380	5979533	5979912	0	664	AL08_v2_f
AL8G19420	scaffold_8_RagTag	97.113	381	10	1	1	380	6011872	6011492	0	641	AL08_v2_f
AL8G19420	scaffold_8_RagTag	91.451	386	23	3	1	380	5998817	5999198	5.29e-147	521	AL08_v2_f
AL8G19430	scaffold_8_RagTag	98.429	382	6	0	1	382	5998817	5999198	0	673	AL08_v2_f
AL8G19430	scaffold_8_RagTag	92.746	386	18	3	1	382	5979533	5979912	2.44e-155	549	AL08_v2_f
AL8G19430	scaffold_8_RagTag	91.842	380	22	2	7	382	6011866	6011492	5.32e-147	521	AL08_v2_f
AL8G19452	scaffold_8_RagTag	98.688	381	5	0	1	381	6011492	6011872	0	676	AL08_v2_f
AL8G19452	scaffold_8_RagTag	97.113	381	10	1	1	381	5979912	5979533	0	641	AL08_v2_f
AL8G19452	scaffold_8_RagTag	90.933	386	26	2	1	381	5999198	5998817	1.15e-143	510	AL08_v2_f
AL8G19400	scaffold_8_RagTag	78.4	375	59	14	1	361	6698666	6699032	1.86e-57	224	al1_v2_s
AL8G19400	scaffold_8_RagTag	77.105	380	62	14	1	361	6717358	6717731	4.05e-49	196	al1_v2_s
AL8G19400	scaffold_2_RagTag	87.5	192	17	6	191	379	14151580	14151767	1.12e-54	215	al1_v2_s
AL8G19410	scaffold_8_RagTag	78.933	375	57	14	1	361	6698666	6699032	8.57e-61	235	al1_v2_s
AL8G19410	scaffold_8_RagTag	77.632	380	60	14	1	361	6717358	6717731	1.87e-52	207	al1_v2_s
AL8G19410	scaffold_2_RagTag	87.5	192	17	6	191	379	14151580	14151767	1.12e-54	215	al1_v2_s
AL8G19420	scaffold_2_RagTag	88.021	192	17	5	191	380	14151580	14151767	6.69e-57	222	al1_v2_s
AL8G19430	scaffold_8_RagTag	77.834	397	60	17	1	382	6698665	6699048	2.42e-56	220	al1_v2_s
AL8G19430	scaffold_8_RagTag	76.943	386	56	15	1	364	6717357	6717731	6.83e-47	189	al1_v2_s
AL8G19452	scaffold_8_RagTag	78.372	393	63	14	1	381	6699048	6698666	8.62e-61	235	al1_v2_s
AL8G19452	scaffold_8_RagTag	77.368	380	63	12	19	381	6717731	6717358	2.43e-51	204	al1_v2_s
AL8G19400	scaffold_8_RagTag	97.368	380	9	1	1	379	5674305	5674684	0	645	AL27_v1
AL8G19400	scaffold_8_RagTag	96.57	379	13	0	1	379	5679843	5680221	3.04e-179	628	AL27_v1
AL8G19400	scaffold_8_RagTag	96.073	382	12	2	1	379	5704162	5703781	1.83e-176	619	AL27_v1
AL8G19400	scaffold_8_RagTag	90.649	385	26	3	1	379	5693866	5694246	1.92e-141	503	AL27_v1
AL8G19400	scaffold_8_RagTag	77.387	398	51	21	1	365	5672031	5672422	2.82e-50	200	AL27_v1
AL8G19410	scaffold_8_RagTag	97.895	380	7	1	1	379	5674305	5674684	0	656	AL27_v1
AL8G19410	scaffold_8_RagTag	97.098	379	11	0	1	379	5679843	5680221	0	640	AL27_v1
AL8G19410	scaffold_8_RagTag	96.597	382	10	2	1	379	5704162	5703781	8.44e-180	630	AL27_v1
AL8G19410	scaffold_8_RagTag	91.169	385	24	3	1	379	5693866	5694246	8.87e-145	514	AL27_v1
AL8G19410	scaffold_8_RagTag	78.141	398	48	20	1	365	5672031	5672422	2.8e-55	217	AL27_v1
AL8G19420	scaffold_8_RagTag	97.895	380	8	0	1	380	5674305	5674684	0	658	AL27_v1
AL8G19420	scaffold_8_RagTag	96.597	382	11	2	1	380	5704162	5703781	2.35e-180	632	AL27_v1
AL8G19420	scaffold_8_RagTag	96.579	380	12	1	1	380	5679843	5680221	3.04e-179	628	AL27_v1
AL8G19420	scaffold_8_RagTag	90.909	385	26	2	1	380	5693866	5694246	4.14e-143	508	AL27_v1
AL8G19430	scaffold_8_RagTag	96.335	382	13	1	1	382	5693866	5694246	1.1e-178	627	AL27_v1
AL8G19430	scaffold_8_RagTag	91.969	386	21	3	1	382	5674305	5674684	2.47e-150	532	AL27_v1
AL8G19430	scaffold_8_RagTag	91.451	386	22	5	1	382	5679843	5680221	1.92e-146	520	AL27_v1
AL8G19430	scaffold_8_RagTag	91.601	381	22	4	7	382	5704156	5703781	6.92e-146	518	AL27_v1
AL8G19430	scaffold_8_RagTag	77.475	404	44	25	1	368	5672030	5672422	1.02e-49	198	AL27_v1
AL8G19452	scaffold_8_RagTag	98.168	382	6	1	1	381	5703781	5704162	0	665	AL27_v1
AL8G19452	scaffold_8_RagTag	96.85	381	11	1	1	381	5674684	5674305	0	636	AL27_v1
AL8G19452	scaffold_8_RagTag	95.538	381	15	1	1	381	5680221	5679843	3.98e-173	608	AL27_v1
AL8G19452	scaffold_8_RagTag	90.155	386	28	3	1	381	5694246	5693866	1.16e-138	494	AL27_v1
AL8G19452	scaffold_8_RagTag	78.392	398	49	22	15	381	5672422	5672031	1.68e-57	224	AL27_v1
AL8G19400	scaffold_8	97.368	380	9	1	1	379	5751187	5751566	0	645	ALR.ragtag.scaffold_chr_15_1_24.masked
AL8G19400	scaffold_8	96.073	382	12	2	1	379	5786550	5786169	1.97e-176	619	ALR.ragtag.scaffold_chr_15_1_24.masked
AL8G19400	scaffold_8	96.042	379	14	1	1	379	5756732	5757109	2.55e-175	616	ALR.ragtag.scaffold_chr_15_1_24.masked
AL8G19400	scaffold_8	90.601	383	26	3	1	377	5764854	5765232	2.68e-140	499	ALR.ragtag.scaffold_chr_15_1_24.masked
AL8G19400	scaffold_8	77.136	398	52	21	1	365	5748912	5749303	1.41e-48	195	ALR.ragtag.scaffold_chr_15_1_24.masked
AL8G19410	scaffold_8	97.895	380	7	1	1	379	5751187	5751566	0	656	ALR.ragtag.scaffold_chr_15_1_24.masked
AL8G19410	scaffold_8	96.597	382	10	2	1	379	5786550	5786169	9.09e-180	630	ALR.ragtag.scaffold_chr_15_1_24.masked
AL8G19410	scaffold_8	96.57	379	12	1	1	379	5756732	5757109	1.18e-178	627	ALR.ragtag.scaffold_chr_15_1_24.masked
AL8G19410	scaffold_8	91.123	383	24	3	1	377	5764854	5765232	1.24e-143	510	ALR.ragtag.scaffold_chr_15_1_24.masked
AL8G19410	scaffold_8	77.889	398	49	20	1	365	5748912	5749303	1.4e-53	211	ALR.ragtag.scaffold_chr_15_1_24.masked
AL8G19420	scaffold_8	97.895	380	8	0	1	380	5751187	5751566	0	658	ALR.ragtag.scaffold_chr_15_1_24.masked
AL8G19420	scaffold_8	96.597	382	11	2	1	380	5786550	5786169	2.54e-180	632	ALR.ragtag.scaffold_chr_15_1_24.masked
AL8G19420	scaffold_8	96.053	380	13	1	1	380	5756732	5757109	7.1e-176	617	ALR.ragtag.scaffold_chr_15_1_24.masked
AL8G19420	scaffold_8	90.862	383	26	2	1	378	5764854	5765232	5.77e-142	505	ALR.ragtag.scaffold_chr_15_1_24.masked
AL8G19430	scaffold_8	96.316	380	13	1	1	380	5764854	5765232	1.53e-177	623	ALR.ragtag.scaffold_chr_15_1_24.masked
AL8G19430	scaffold_8	91.969	386	21	3	1	382	5751187	5751566	2.66e-150	532	ALR.ragtag.scaffold_chr_15_1_24.masked
AL8G19430	scaffold_8	91.339	381	23	3	7	382	5786544	5786169	3.47e-144	512	ALR.ragtag.scaffold_chr_15_1_24.masked
AL8G19430	scaffold_8	90.933	386	23	5	1	382	5756732	5757109	4.48e-143	508	ALR.ragtag.scaffold_chr_15_1_24.masked
AL8G19430	scaffold_8	76.98	404	46	25	1	368	5748911	5749303	2.39e-46	187	ALR.ragtag.scaffold_chr_15_1_24.masked
AL8G19452	scaffold_8	98.168	382	6	1	1	381	5786169	5786550	0	665	ALR.ragtag.scaffold_chr_15_1_24.masked
AL8G19452	scaffold_8	96.85	381	11	1	1	381	5751566	5751187	0	636	ALR.ragtag.scaffold_chr_15_1_24.masked
AL8G19452	scaffold_8	95.013	381	16	1	1	381	5757109	5756732	3.34e-169	595	ALR.ragtag.scaffold_chr_15_1_24.masked
AL8G19452	scaffold_8	90.104	384	28	3	3	381	5765232	5764854	1.62e-137	490	ALR.ragtag.scaffold_chr_15_1_24.masked
AL8G19452	scaffold_8	78.141	398	50	22	15	381	5749303	5748912	8.44e-56	219	ALR.ragtag.scaffold_chr_15_1_24.masked
AL8G19400	scaffold_8_RagTag	97.105	380	9	2	1	379	6911203	6911581	0	640	BAM12_v2
AL8G19400	scaffold_8_RagTag	90.649	385	23	4	3	379	6917432	6917811	2.74e-140	499	BAM12_v2
AL8G19400	scaffold_8_RagTag	80.914	372	52	13	1	361	6920702	6921065	5.03e-73	276	BAM12_v2
AL8G19400	scaffold_8_RagTag	77.582	397	51	23	1	365	6908948	6909338	6.69e-52	206	BAM12_v2
AL8G19400	scaffold_8_RagTag	76.963	382	60	16	1	361	6937715	6938089	5.21e-48	193	BAM12_v2
AL8G19410	scaffold_8_RagTag	97.632	380	7	2	1	379	6911203	6911581	0	651	BAM12_v2
AL8G19410	scaffold_8_RagTag	91.169	385	21	4	3	379	6917432	6917811	1.27e-143	510	BAM12_v2
AL8G19410	scaffold_8_RagTag	81.452	372	50	12	1	361	6920702	6921065	2.32e-76	287	BAM12_v2
AL8G19410	scaffold_8_RagTag	78.086	397	49	22	1	365	6908948	6909338	3.09e-55	217	BAM12_v2
AL8G19410	scaffold_8_RagTag	77.487	382	58	16	1	361	6937715	6938089	2.41e-51	204	BAM12_v2
AL8G19420	scaffold_8_RagTag	97.632	380	8	1	1	380	6911203	6911581	0	651	BAM12_v2
AL8G19420	scaffold_8_RagTag	91.169	385	22	4	3	380	6917432	6917811	3.53e-144	512	BAM12_v2
AL8G19420	scaffold_8_RagTag	81.183	372	52	11	1	362	6920702	6921065	3.01e-75	283	BAM12_v2
AL8G19430	scaffold_8_RagTag	96.032	378	14	1	6	382	6917434	6917811	9.47e-175	614	BAM12_v2
AL8G19430	scaffold_8_RagTag	92.208	385	21	3	1	382	6911203	6911581	2.11e-151	536	BAM12_v2
AL8G19430	scaffold_8_RagTag	78.987	395	53	19	1	380	6920701	6921080	5.15e-63	243	BAM12_v2
AL8G19430	scaffold_8_RagTag	77.419	403	45	29	1	368	6908947	6909338	1.13e-49	198	BAM12_v2
AL8G19430	scaffold_8_RagTag	77.003	387	55	19	1	364	6937714	6938089	1.89e-47	191	BAM12_v2
AL8G19452	scaffold_8_RagTag	96.588	381	11	2	1	381	6911581	6911203	9.37e-180	630	BAM12_v2
AL8G19452	scaffold_8_RagTag	91.688	385	21	4	1	379	6917811	6917432	1.64e-147	523	BAM12_v2
AL8G19452	scaffold_8_RagTag	80	390	56	14	3	381	6921080	6920702	8.47e-71	268	BAM12_v2
AL8G19452	scaffold_8_RagTag	78.086	397	51	20	15	381	6909338	6908948	8.65e-56	219	BAM12_v2
AL8G19452	scaffold_8_RagTag	77.487	382	60	14	19	381	6938089	6937715	6.73e-52	206	BAM12_v2
AL8G19400	scaffold_8_RagTag:0-21093757	97.368	380	9	1	1	379	5839718	5840097	0	645	BOR_v1
AL8G19400	scaffold_8_RagTag:0-21093757	95.801	381	14	1	1	379	5865226	5864846	8.61e-175	614	BOR_v1
AL8G19400	scaffold_8_RagTag:0-21093757	95.778	379	15	1	1	379	5845262	5845639	1.11e-173	610	BOR_v1
AL8G19400	scaffold_8_RagTag:0-21093757	90.649	385	26	3	1	379	5853674	5854054	1.94e-141	503	BOR_v1
AL8G19400	scaffold_8_RagTag:0-21093757	77.387	398	51	21	1	365	5833904	5834295	2.86e-50	200	BOR_v1
AL8G19400	scaffold_2_RagTag:0-21425966	79.897	388	56	10	1	375	12997004	12997382	9.99e-70	265	BOR_v1
AL8G19410	scaffold_8_RagTag:0-21093757	97.895	380	7	1	1	379	5839718	5840097	0	656	BOR_v1
AL8G19410	scaffold_8_RagTag:0-21093757	96.325	381	12	1	1	379	5865226	5864846	3.98e-178	625	BOR_v1
AL8G19410	scaffold_8_RagTag:0-21093757	96.306	379	13	1	1	379	5845262	5845639	5.14e-177	621	BOR_v1
AL8G19410	scaffold_8_RagTag:0-21093757	91.169	385	24	3	1	379	5853674	5854054	8.98e-145	514	BOR_v1
AL8G19410	scaffold_8_RagTag:0-21093757	78.141	398	48	20	1	365	5833904	5834295	2.84e-55	217	BOR_v1
AL8G19410	scaffold_2_RagTag:0-21425966	80.155	388	55	10	1	375	12997004	12997382	2.15e-71	270	BOR_v1
AL8G19420	scaffold_8_RagTag:0-21093757	97.895	380	8	0	1	380	5839718	5840097	0	658	BOR_v1
AL8G19420	scaffold_8_RagTag:0-21093757	96.325	381	13	1	1	380	5865226	5864846	3.99e-178	625	BOR_v1
AL8G19420	scaffold_8_RagTag:0-21093757	95.789	380	14	1	1	380	5845262	5845639	3.1e-174	612	BOR_v1
AL8G19420	scaffold_8_RagTag:0-21093757	90.909	385	26	2	1	380	5853674	5854054	4.19e-143	508	BOR_v1
AL8G19420	scaffold_2_RagTag:0-21425966	80.155	388	56	9	1	376	12997004	12997382	2.15e-71	270	BOR_v1
AL8G19430	scaffold_8_RagTag:0-21093757	96.335	382	13	1	1	382	5853674	5854054	1.11e-178	627	BOR_v1
AL8G19430	scaffold_8_RagTag:0-21093757	91.969	386	21	3	1	382	5839718	5840097	2.5e-150	532	BOR_v1
AL8G19430	scaffold_8_RagTag:0-21093757	91.316	380	24	3	7	382	5865220	5864846	1.17e-143	510	BOR_v1
AL8G19430	scaffold_8_RagTag:0-21093757	90.674	386	24	5	1	382	5845262	5845639	1.96e-141	503	BOR_v1
AL8G19430	scaffold_8_RagTag:0-21093757	77.475	404	44	25	1	368	5833903	5834295	1.04e-49	198	BOR_v1
AL8G19430	scaffold_2_RagTag:0-21425966	78.88	393	55	16	1	378	12997003	12997382	1.7e-62	241	BOR_v1
AL8G19452	scaffold_8_RagTag:0-21093757	97.9	381	8	0	1	381	5864846	5865226	0	660	BOR_v1
AL8G19452	scaffold_8_RagTag:0-21093757	96.85	381	11	1	1	381	5840097	5839718	0	636	BOR_v1
AL8G19452	scaffold_8_RagTag:0-21093757	94.751	381	17	1	1	381	5845639	5845262	1.46e-167	590	BOR_v1
AL8G19452	scaffold_8_RagTag:0-21093757	90.155	386	28	3	1	381	5854054	5853674	1.18e-138	494	BOR_v1
AL8G19452	scaffold_8_RagTag:0-21093757	78.392	398	49	22	15	381	5834295	5833904	1.7e-57	224	BOR_v1
AL8G19452	scaffold_2_RagTag:0-21425966	79.949	389	56	12	5	381	12997382	12997004	2.79e-70	267	BOR_v1
AL8G19400	scaffold_8_RagTag	97.889	379	8	0	1	379	7270687	7271065	0	656	F1-14.ragtag.scaffold_chr
AL8G19400	scaffold_8_RagTag	95.538	381	15	1	1	379	7296266	7295886	4.19e-173	608	F1-14.ragtag.scaffold_chr
AL8G19400	scaffold_8_RagTag	90.39	385	27	3	1	379	7279197	7279577	9.47e-140	497	F1-14.ragtag.scaffold_chr
AL8G19400	scaffold_8_RagTag	76.25	400	53	18	1	365	7269259	7269651	1.81e-42	174	F1-14.ragtag.scaffold_chr
AL8G19410	scaffold_8_RagTag	98.417	379	6	0	1	379	7270687	7271065	0	667	F1-14.ragtag.scaffold_chr
AL8G19410	scaffold_8_RagTag	96.063	381	13	1	1	379	7296266	7295886	1.94e-176	619	F1-14.ragtag.scaffold_chr
AL8G19410	scaffold_8_RagTag	90.909	385	25	3	1	379	7279197	7279577	4.37e-143	508	F1-14.ragtag.scaffold_chr
AL8G19410	scaffold_8_RagTag	76.75	400	51	19	1	365	7269259	7269651	8.37e-46	185	F1-14.ragtag.scaffold_chr
AL8G19420	scaffold_8_RagTag	97.895	380	7	1	1	380	7270687	7271065	0	656	F1-14.ragtag.scaffold_chr
AL8G19420	scaffold_8_RagTag	96.063	381	14	1	1	380	7296266	7295886	1.94e-176	619	F1-14.ragtag.scaffold_chr
AL8G19420	scaffold_8_RagTag	90.649	385	27	2	1	380	7279197	7279577	2.04e-141	503	F1-14.ragtag.scaffold_chr
AL8G19420	scaffold_2_RagTag	80.935	278	42	4	91	362	15073621	15073893	4.98e-53	209	F1-14.ragtag.scaffold_chr
AL8G19430	scaffold_8_RagTag	96.073	382	14	1	1	382	7279197	7279577	5.43e-177	621	F1-14.ragtag.scaffold_chr
AL8G19430	scaffold_8_RagTag	92.487	386	18	3	1	382	7270687	7271065	4.35e-153	542	F1-14.ragtag.scaffold_chr
AL8G19430	scaffold_8_RagTag	91.053	380	25	3	7	382	7296260	7295886	5.71e-142	505	F1-14.ragtag.scaffold_chr
AL8G19430	scaffold_8_RagTag	76.06	401	56	21	1	368	7269258	7269651	6.57e-42	172	F1-14.ragtag.scaffold_chr
AL8G19452	scaffold_8_RagTag	97.638	381	9	0	1	381	7295886	7296266	0	654	F1-14.ragtag.scaffold_chr
AL8G19452	scaffold_8_RagTag	96.85	381	10	1	1	381	7271065	7270687	0	636	F1-14.ragtag.scaffold_chr
AL8G19452	scaffold_8_RagTag	89.896	386	29	3	1	381	7279577	7279197	5.73e-137	488	F1-14.ragtag.scaffold_chr
AL8G19452	scaffold_8_RagTag	76.866	402	49	19	15	381	7269651	7269259	2.34e-46	187	F1-14.ragtag.scaffold_chr
AL8G19400	scaffold_8_RagTag	99.736	379	1	0	1	379	6095129	6095507	0	695	KN003hexa_v0
AL8G19400	scaffold_8_RagTag	98.421	380	5	1	1	379	6097771	6098150	0	667	KN003hexa_v0
AL8G19400	scaffold_8_RagTag	96.063	381	13	1	1	379	6115554	6115174	1.91e-176	619	KN003hexa_v0
AL8G19400	scaffold_8_RagTag	90.933	386	24	3	1	379	6105777	6106158	4.32e-143	508	KN003hexa_v0
AL8G19410	scaffold_8_RagTag	98.947	380	3	1	1	379	6097771	6098150	0	678	KN003hexa_v0
AL8G19410	scaffold_8_RagTag	98.681	379	5	0	1	379	6095129	6095507	0	673	KN003hexa_v0
AL8G19410	scaffold_8_RagTag	96.588	381	11	1	1	379	6115554	6115174	8.83e-180	630	KN003hexa_v0
AL8G19410	scaffold_8_RagTag	91.731	387	19	5	1	379	6105777	6106158	4.29e-148	525	KN003hexa_v0
AL8G19420	scaffold_8_RagTag	100	380	0	0	1	380	6097771	6098150	0	702	KN003hexa_v0
AL8G19420	scaffold_8_RagTag	98.158	380	6	1	1	380	6095129	6095507	0	662	KN003hexa_v0
AL8G19420	scaffold_8_RagTag	96.588	381	12	1	1	380	6115554	6115174	8.86e-180	630	KN003hexa_v0
AL8G19420	scaffold_8_RagTag	91.451	386	23	3	1	380	6105777	6106158	5.56e-147	521	KN003hexa_v0
AL8G19430	scaffold_8_RagTag	100	382	0	0	1	382	6105777	6106158	0	706	KN003hexa_v0
AL8G19430	scaffold_8_RagTag	91.451	386	23	3	1	382	6097771	6098150	5.59e-147	521	KN003hexa_v0
AL8G19430	scaffold_8_RagTag	91.316	380	24	2	7	382	6115548	6115174	1.21e-143	510	KN003hexa_v0
AL8G19430	scaffold_8_RagTag	90.674	386	25	3	1	382	6095129	6095507	2.03e-141	503	KN003hexa_v0
AL8G19452	scaffold_8_RagTag	100	381	0	0	1	381	6115174	6115554	0	704	KN003hexa_v0
AL8G19452	scaffold_8_RagTag	96.588	381	12	1	1	381	6098150	6097771	8.88e-180	630	KN003hexa_v0
AL8G19452	scaffold_8_RagTag	95.801	381	14	1	1	381	6095507	6095129	8.94e-175	614	KN003hexa_v0
AL8G19452	scaffold_8_RagTag	90.933	386	26	2	1	381	6106158	6105777	1.21e-143	510	KN003hexa_v0
AL8G19400	scaffold_8_RagTag	97.625	379	9	0	1	379	6254177	6254555	0	651	KN005_v1
AL8G19400	scaffold_8_RagTag	95.855	386	8	3	1	379	6309432	6309048	6.77e-176	617	KN005_v1
AL8G19400	scaffold_8_RagTag	91.969	386	20	3	1	379	6263172	6263553	9.07e-150	531	KN005_v1
AL8G19410	scaffold_8_RagTag	98.153	379	7	0	1	379	6254177	6254555	0	662	KN005_v1
AL8G19410	scaffold_8_RagTag	96.104	385	9	1	1	379	6309432	6309048	1.46e-177	623	KN005_v1
AL8G19410	scaffold_8_RagTag	92.487	386	18	3	1	379	6263172	6263553	4.19e-153	542	KN005_v1
AL8G19420	scaffold_8_RagTag	97.632	380	8	1	1	380	6254177	6254555	0	651	KN005_v1
AL8G19420	scaffold_8_RagTag	96.104	385	10	1	1	380	6309432	6309048	1.46e-177	623	KN005_v1
AL8G19420	scaffold_8_RagTag	92.487	386	19	3	1	380	6263172	6263553	1.17e-153	544	KN005_v1
AL8G19430	scaffold_8_RagTag	98.953	382	4	0	1	382	6263172	6263553	0	684	KN005_v1
AL8G19430	scaffold_8_RagTag	92.746	386	17	3	1	382	6254177	6254555	9.09e-155	547	KN005_v1
AL8G19430	scaffold_8_RagTag	90.625	384	23	3	7	382	6309426	6309048	9.28e-140	497	KN005_v1
AL8G19452	scaffold_8_RagTag	97.143	385	7	1	1	381	6309048	6309432	0	647	KN005_v1
AL8G19452	scaffold_8_RagTag	96.588	381	11	1	1	381	6254555	6254177	8.74e-180	630	KN005_v1
AL8G19452	scaffold_8_RagTag	91.969	386	22	2	1	381	6263553	6263172	2.54e-150	532	KN005_v1
AL8G19400	scaffold_8_RagTag	100	379	0	0	1	379	6520032	6520410	0	701	KN006_v1
AL8G19400	scaffold_8_RagTag	98.945	379	4	0	1	379	6522662	6523040	0	678	KN006_v1
AL8G19400	scaffold_8_RagTag	98.421	380	5	1	1	379	6525779	6526158	0	667	KN006_v1
AL8G19400	scaffold_8_RagTag	96.063	381	13	1	1	379	6543547	6543167	1.99e-176	619	KN006_v1
AL8G19400	scaffold_8_RagTag	90.933	386	24	3	1	379	6533790	6534171	4.5e-143	508	KN006_v1
AL8G19410	scaffold_8_RagTag	100	379	0	0	1	379	6522662	6523040	0	701	KN006_v1
AL8G19410	scaffold_8_RagTag	98.945	379	4	0	1	379	6520032	6520410	0	678	KN006_v1
AL8G19410	scaffold_8_RagTag	98.947	380	3	1	1	379	6525779	6526158	0	678	KN006_v1
AL8G19410	scaffold_8_RagTag	96.588	381	11	1	1	379	6543547	6543167	9.2e-180	630	KN006_v1
AL8G19410	scaffold_8_RagTag	91.731	387	19	5	1	379	6533790	6534171	4.46e-148	525	KN006_v1
AL8G19420	scaffold_8_RagTag	100	380	0	0	1	380	6525779	6526158	0	702	KN006_v1
AL8G19420	scaffold_8_RagTag	98.947	380	3	1	1	380	6522662	6523040	0	678	KN006_v1
AL8G19420	scaffold_8_RagTag	98.421	380	5	1	1	380	6520032	6520410	0	667	KN006_v1
AL8G19420	scaffold_8_RagTag	96.588	381	12	1	1	380	6543547	6543167	9.22e-180	630	KN006_v1
AL8G19420	scaffold_8_RagTag	91.451	386	23	3	1	380	6533790	6534171	5.79e-147	521	KN006_v1
AL8G19430	scaffold_8_RagTag	100	382	0	0	1	382	6533790	6534171	0	706	KN006_v1
AL8G19430	scaffold_8_RagTag	91.731	387	19	5	1	382	6522662	6523040	4.5e-148	525	KN006_v1
AL8G19430	scaffold_8_RagTag	91.451	386	23	3	1	382	6525779	6526158	5.82e-147	521	KN006_v1
AL8G19430	scaffold_8_RagTag	91.316	380	24	2	7	382	6543541	6543167	1.26e-143	510	KN006_v1
AL8G19430	scaffold_8_RagTag	90.933	386	24	3	1	382	6520032	6520410	4.53e-143	508	KN006_v1
AL8G19452	scaffold_8_RagTag	100	381	0	0	1	381	6543167	6543547	0	704	KN006_v1
AL8G19452	scaffold_8_RagTag	96.588	381	11	1	1	381	6523040	6522662	9.25e-180	630	KN006_v1
AL8G19452	scaffold_8_RagTag	96.588	381	12	1	1	381	6526158	6525779	9.25e-180	630	KN006_v1
AL8G19452	scaffold_8_RagTag	96.063	381	13	1	1	381	6520410	6520032	2e-176	619	KN006_v1
AL8G19452	scaffold_8_RagTag	90.933	386	26	2	1	381	6534171	6533790	1.26e-143	510	KN006_v1
AL8G19400	scaffold_8_RagTag	100	379	0	0	1	379	6303618	6303996	0	701	MN47_mabs_v3
AL8G19400	scaffold_8_RagTag	98.945	379	4	0	1	379	6306249	6306627	0	678	MN47_mabs_v3
AL8G19400	scaffold_8_RagTag	98.421	380	5	1	1	379	6309365	6309744	0	667	MN47_mabs_v3
AL8G19400	scaffold_8_RagTag	96.063	381	13	1	1	379	6327118	6326738	1.99e-176	619	MN47_mabs_v3
AL8G19400	scaffold_8_RagTag	90.933	386	24	3	1	379	6317372	6317753	4.5e-143	508	MN47_mabs_v3
AL8G19410	scaffold_8_RagTag	100	379	0	0	1	379	6306249	6306627	0	701	MN47_mabs_v3
AL8G19410	scaffold_8_RagTag	98.945	379	4	0	1	379	6303618	6303996	0	678	MN47_mabs_v3
AL8G19410	scaffold_8_RagTag	98.947	380	3	1	1	379	6309365	6309744	0	678	MN47_mabs_v3
AL8G19410	scaffold_8_RagTag	96.588	381	11	1	1	379	6327118	6326738	9.2e-180	630	MN47_mabs_v3
AL8G19410	scaffold_8_RagTag	91.731	387	19	5	1	379	6317372	6317753	4.46e-148	525	MN47_mabs_v3
AL8G19420	scaffold_8_RagTag	100	380	0	0	1	380	6309365	6309744	0	702	MN47_mabs_v3
AL8G19420	scaffold_8_RagTag	98.947	380	3	1	1	380	6306249	6306627	0	678	MN47_mabs_v3
AL8G19420	scaffold_8_RagTag	98.421	380	5	1	1	380	6303618	6303996	0	667	MN47_mabs_v3
AL8G19420	scaffold_8_RagTag	96.588	381	12	1	1	380	6327118	6326738	9.22e-180	630	MN47_mabs_v3
AL8G19420	scaffold_8_RagTag	91.451	386	23	3	1	380	6317372	6317753	5.79e-147	521	MN47_mabs_v3
AL8G19430	scaffold_8_RagTag	100	382	0	0	1	382	6317372	6317753	0	706	MN47_mabs_v3
AL8G19430	scaffold_8_RagTag	91.731	387	19	5	1	382	6306249	6306627	4.5e-148	525	MN47_mabs_v3
AL8G19430	scaffold_8_RagTag	91.451	386	23	3	1	382	6309365	6309744	5.82e-147	521	MN47_mabs_v3
AL8G19430	scaffold_8_RagTag	91.316	380	24	2	7	382	6327112	6326738	1.26e-143	510	MN47_mabs_v3
AL8G19430	scaffold_8_RagTag	90.933	386	24	3	1	382	6303618	6303996	4.53e-143	508	MN47_mabs_v3
AL8G19452	scaffold_8_RagTag	100	381	0	0	1	381	6326738	6327118	0	704	MN47_mabs_v3
AL8G19452	scaffold_8_RagTag	96.588	381	11	1	1	381	6306627	6306249	9.25e-180	630	MN47_mabs_v3
AL8G19452	scaffold_8_RagTag	96.588	381	12	1	1	381	6309744	6309365	9.25e-180	630	MN47_mabs_v3
AL8G19452	scaffold_8_RagTag	96.063	381	13	1	1	381	6303996	6303618	2e-176	619	MN47_mabs_v3
AL8G19452	scaffold_8_RagTag	90.933	386	26	2	1	381	6317753	6317372	1.26e-143	510	MN47_mabs_v3
AL8G19400	scaffold_8_RagTag	100	379	0	0	1	379	6303618	6303996	0	701	MN47_v4
AL8G19400	scaffold_8_RagTag	98.945	379	4	0	1	379	6306249	6306627	0	678	MN47_v4
AL8G19400	scaffold_8_RagTag	98.421	380	5	1	1	379	6309365	6309744	0	667	MN47_v4
AL8G19400	scaffold_8_RagTag	96.063	381	13	1	1	379	6327118	6326738	1.99e-176	619	MN47_v4
AL8G19400	scaffold_8_RagTag	90.933	386	24	3	1	379	6317372	6317753	4.49e-143	508	MN47_v4
AL8G19410	scaffold_8_RagTag	100	379	0	0	1	379	6306249	6306627	0	701	MN47_v4
AL8G19410	scaffold_8_RagTag	98.945	379	4	0	1	379	6303618	6303996	0	678	MN47_v4
AL8G19410	scaffold_8_RagTag	98.947	380	3	1	1	379	6309365	6309744	0	678	MN47_v4
AL8G19410	scaffold_8_RagTag	96.588	381	11	1	1	379	6327118	6326738	9.19e-180	630	MN47_v4
AL8G19410	scaffold_8_RagTag	91.731	387	19	5	1	379	6317372	6317753	4.46e-148	525	MN47_v4
AL8G19420	scaffold_8_RagTag	100	380	0	0	1	380	6309365	6309744	0	702	MN47_v4
AL8G19420	scaffold_8_RagTag	98.947	380	3	1	1	380	6306249	6306627	0	678	MN47_v4
AL8G19420	scaffold_8_RagTag	98.421	380	5	1	1	380	6303618	6303996	0	667	MN47_v4
AL8G19420	scaffold_8_RagTag	96.588	381	12	1	1	380	6327118	6326738	9.22e-180	630	MN47_v4
AL8G19420	scaffold_8_RagTag	91.451	386	23	3	1	380	6317372	6317753	5.79e-147	521	MN47_v4
AL8G19430	scaffold_8_RagTag	100	382	0	0	1	382	6317372	6317753	0	706	MN47_v4
AL8G19430	scaffold_8_RagTag	91.731	387	19	5	1	382	6306249	6306627	4.5e-148	525	MN47_v4
AL8G19430	scaffold_8_RagTag	91.451	386	23	3	1	382	6309365	6309744	5.82e-147	521	MN47_v4
AL8G19430	scaffold_8_RagTag	91.316	380	24	2	7	382	6327112	6326738	1.26e-143	510	MN47_v4
AL8G19430	scaffold_8_RagTag	90.933	386	24	3	1	382	6303618	6303996	4.53e-143	508	MN47_v4
AL8G19452	scaffold_8_RagTag	100	381	0	0	1	381	6326738	6327118	0	704	MN47_v4
AL8G19452	scaffold_8_RagTag	96.588	381	11	1	1	381	6306627	6306249	9.25e-180	630	MN47_v4
AL8G19452	scaffold_8_RagTag	96.588	381	12	1	1	381	6309744	6309365	9.25e-180	630	MN47_v4
AL8G19452	scaffold_8_RagTag	96.063	381	13	1	1	381	6303996	6303618	2e-176	619	MN47_v4
AL8G19452	scaffold_8_RagTag	90.933	386	26	2	1	381	6317753	6317372	1.26e-143	510	MN47_v4
AL8G19400	scaffold_8_RagTag	97.632	380	8	1	1	379	5785040	5785419	0	651	Nla.ragtag.scaffold_chr
AL8G19400	scaffold_8_RagTag	96.325	381	12	1	1	379	5837301	5836921	4.13e-178	625	Nla.ragtag.scaffold_chr
AL8G19400	scaffold_8_RagTag	96.042	379	14	1	1	379	5790693	5791070	2.48e-175	616	Nla.ragtag.scaffold_chr
AL8G19400	scaffold_8_RagTag	90.862	383	25	3	1	377	5798378	5798756	5.61e-142	505	Nla.ragtag.scaffold_chr
AL8G19410	scaffold_8_RagTag	98.158	380	6	1	1	379	5785040	5785419	0	662	Nla.ragtag.scaffold_chr
AL8G19410	scaffold_8_RagTag	96.85	381	10	1	1	379	5837301	5836921	0	636	Nla.ragtag.scaffold_chr
AL8G19410	scaffold_8_RagTag	96.57	379	12	1	1	379	5790693	5791070	1.15e-178	627	Nla.ragtag.scaffold_chr
AL8G19410	scaffold_8_RagTag	91.384	383	23	3	1	377	5798378	5798756	2.59e-145	516	Nla.ragtag.scaffold_chr
AL8G19420	scaffold_8_RagTag	98.158	380	7	0	1	380	5785040	5785419	0	664	Nla.ragtag.scaffold_chr
AL8G19420	scaffold_8_RagTag	96.85	381	11	1	1	380	5837301	5836921	0	636	Nla.ragtag.scaffold_chr
AL8G19420	scaffold_8_RagTag	96.053	380	13	1	1	380	5790693	5791070	6.92e-176	617	Nla.ragtag.scaffold_chr
AL8G19420	scaffold_8_RagTag	91.123	383	25	2	1	378	5798378	5798756	1.21e-143	510	Nla.ragtag.scaffold_chr
AL8G19420	scaffold_2_RagTag	80.928	388	53	9	1	376	13762665	13763043	2.22e-76	287	Nla.ragtag.scaffold_chr
AL8G19430	scaffold_8_RagTag	96.579	380	12	1	1	380	5798378	5798756	3.22e-179	628	Nla.ragtag.scaffold_chr
AL8G19430	scaffold_8_RagTag	92.746	386	18	3	1	382	5785040	5785419	2.58e-155	549	Nla.ragtag.scaffold_chr
AL8G19430	scaffold_8_RagTag	91.579	380	23	2	7	382	5837295	5836921	2.61e-145	516	Nla.ragtag.scaffold_chr
AL8G19430	scaffold_8_RagTag	90.933	386	23	5	1	382	5790693	5791070	4.37e-143	508	Nla.ragtag.scaffold_chr
AL8G19452	scaffold_8_RagTag	98.163	381	7	0	1	381	5836921	5837301	0	665	Nla.ragtag.scaffold_chr
AL8G19452	scaffold_8_RagTag	97.113	381	10	1	1	381	5785419	5785040	0	641	Nla.ragtag.scaffold_chr
AL8G19452	scaffold_8_RagTag	95.013	381	16	1	1	381	5791070	5790693	3.25e-169	595	Nla.ragtag.scaffold_chr
AL8G19452	scaffold_8_RagTag	90.365	384	27	3	3	381	5798756	5798378	3.39e-139	496	Nla.ragtag.scaffold_chr
AL8G19400	scaffold_8	96.842	380	11	1	1	379	5732335	5731956	0	634	NT1_v2
AL8G19400	scaffold_8	88.802	384	22	9	1	379	5722311	5722678	7.41e-126	451	NT1_v2
AL8G19410	scaffold_8	97.368	380	9	1	1	379	5732335	5731956	0	645	NT1_v2
AL8G19410	scaffold_8	89.323	384	20	9	1	379	5722311	5722678	3.42e-129	462	NT1_v2
AL8G19420	scaffold_8	97.368	380	10	0	1	380	5732335	5731956	0	647	NT1_v2
AL8G19420	scaffold_8	88.831	385	21	9	1	380	5722311	5722678	2.07e-126	453	NT1_v2
AL8G19430	scaffold_8	95.288	382	4	2	1	382	5722311	5722678	1.17e-168	593	NT1_v2
AL8G19430	scaffold_8	91.842	380	21	3	7	382	5732329	5731956	5.62e-147	521	NT1_v2
AL8G19452	scaffold_8	98.688	381	4	1	1	381	5731956	5732335	0	675	NT1_v2
AL8G19452	scaffold_8	88.342	386	22	3	1	381	5722678	5722311	4.49e-123	442	NT1_v2
AL8G19400	scaffold_8_RagTag	97.632	380	8	1	1	379	6339014	6339393	0	651	NT12_v2
AL8G19400	scaffold_8_RagTag	81.183	372	51	13	1	361	6356848	6357211	1.11e-74	281	NT12_v2
AL8G19400	scaffold_8_RagTag	93.662	142	8	1	3	144	6349320	6349180	1.47e-53	211	NT12_v2
AL8G19400	scaffold_8_RagTag	77.632	380	59	14	1	361	6379055	6379427	1.91e-52	207	NT12_v2
AL8G19400	scaffold_8_RagTag	76.75	400	52	17	1	365	6334727	6335120	8.94e-46	185	NT12_v2
AL8G19410	scaffold_8_RagTag	98.158	380	6	1	1	379	6339014	6339393	0	662	NT12_v2
AL8G19410	scaffold_8_RagTag	81.72	372	49	12	1	361	6356848	6357211	5.12e-78	292	NT12_v2
AL8G19410	scaffold_8_RagTag	78.158	380	57	14	1	361	6379055	6379427	8.81e-56	219	NT12_v2
AL8G19410	scaffold_8_RagTag	93.662	142	8	1	3	144	6349320	6349180	1.47e-53	211	NT12_v2
AL8G19410	scaffold_8_RagTag	77	400	51	14	1	365	6334727	6335120	1.92e-47	191	NT12_v2
AL8G19420	scaffold_8_RagTag	98.158	380	7	0	1	380	6339014	6339393	0	664	NT12_v2
AL8G19420	scaffold_8_RagTag	81.452	372	51	11	1	362	6356848	6357211	6.64e-77	289	NT12_v2
AL8G19420	scaffold_8_RagTag	93.662	142	8	1	3	144	6349320	6349180	1.48e-53	211	NT12_v2
AL8G19430	scaffold_8_RagTag	92.228	386	20	3	1	382	6339014	6339393	6.01e-152	538	NT12_v2
AL8G19430	scaffold_8_RagTag	79.04	396	55	16	1	382	6356847	6357228	4.08e-64	246	NT12_v2
AL8G19430	scaffold_8_RagTag	94.964	139	7	0	6	144	6349318	6349180	8.89e-56	219	NT12_v2
AL8G19430	scaffold_8_RagTag	76.943	386	55	19	1	364	6379054	6379427	6.97e-47	189	NT12_v2
AL8G19430	scaffold_8_RagTag	76.368	402	54	22	1	368	6334726	6335120	1.51e-43	178	NT12_v2
AL8G19452	scaffold_8_RagTag	97.113	381	10	1	1	381	6339393	6339014	0	641	NT12_v2
AL8G19452	scaffold_8_RagTag	80.563	391	56	13	1	381	6357228	6356848	3.1e-75	283	NT12_v2
AL8G19452	scaffold_8_RagTag	94.366	142	7	1	238	379	6349180	6349320	3.19e-55	217	NT12_v2
AL8G19452	scaffold_8_RagTag	77.69	381	59	14	19	381	6379427	6379055	5.33e-53	209	NT12_v2
AL8G19452	scaffold_8_RagTag	77.363	402	48	18	15	381	6335120	6334727	1.15e-49	198	NT12_v2
AL8G19400	scaffold_8_RagTag	97.368	380	9	1	1	379	6381268	6381647	0	645	NT8_v2_fix
AL8G19400	scaffold_8_RagTag	89.896	386	25	4	3	379	6387703	6388083	7.8e-136	484	NT8_v2_fix
AL8G19400	scaffold_8_RagTag	81.183	372	51	13	1	361	6390978	6391341	1.1e-74	281	NT8_v2_fix
AL8G19400	scaffold_8_RagTag	77.428	381	59	15	1	361	6412143	6412516	8.8e-51	202	NT8_v2_fix
AL8G19400	scaffold_8_RagTag	77.428	381	59	15	1	361	6420922	6421295	8.8e-51	202	NT8_v2_fix
AL8G19400	scaffold_8_RagTag	79.803	203	34	4	1	202	6379406	6379602	1.95e-32	141	NT8_v2_fix
AL8G19410	scaffold_8_RagTag	97.895	380	7	1	1	379	6381268	6381647	0	656	NT8_v2_fix
AL8G19410	scaffold_8_RagTag	90.415	386	23	4	3	379	6387703	6388083	3.6e-139	496	NT8_v2_fix
AL8G19410	scaffold_8_RagTag	81.72	372	49	12	1	361	6390978	6391341	5.07e-78	292	NT8_v2_fix
AL8G19410	scaffold_8_RagTag	77.953	381	57	15	1	361	6412143	6412516	4.06e-54	213	NT8_v2_fix
AL8G19410	scaffold_8_RagTag	77.953	381	57	15	1	361	6420922	6421295	4.06e-54	213	NT8_v2_fix
AL8G19410	scaffold_8_RagTag	81.281	203	31	3	1	202	6379406	6379602	1.93e-37	158	NT8_v2_fix
AL8G19420	scaffold_8_RagTag	97.895	380	8	0	1	380	6381268	6381647	0	658	NT8_v2_fix
AL8G19420	scaffold_8_RagTag	90.415	386	24	4	3	380	6387703	6388083	3.61e-139	496	NT8_v2_fix
AL8G19420	scaffold_8_RagTag	81.452	372	51	11	1	362	6390978	6391341	6.58e-77	289	NT8_v2_fix
AL8G19430	scaffold_8_RagTag	95.251	379	16	1	6	382	6387705	6388083	2.69e-170	599	NT8_v2_fix
AL8G19430	scaffold_8_RagTag	91.969	386	21	3	1	382	6381268	6381647	2.77e-150	532	NT8_v2_fix
AL8G19430	scaffold_8_RagTag	79.04	396	55	16	1	382	6390977	6391358	4.04e-64	246	NT8_v2_fix
AL8G19430	scaffold_8_RagTag	77.202	386	55	18	1	364	6412142	6412516	1.48e-48	195	NT8_v2_fix
AL8G19430	scaffold_8_RagTag	77.202	386	55	18	1	364	6420921	6421295	1.48e-48	195	NT8_v2_fix
AL8G19430	scaffold_8_RagTag	81.951	205	29	5	1	203	6379405	6379603	3.24e-40	167	NT8_v2_fix
AL8G19452	scaffold_8_RagTag	96.85	381	11	1	1	381	6381647	6381268	0	636	NT8_v2_fix
AL8G19452	scaffold_8_RagTag	90.933	386	23	4	1	379	6388083	6387703	4.65e-143	508	NT8_v2_fix
AL8G19452	scaffold_8_RagTag	80.563	391	56	13	1	381	6391358	6390978	3.07e-75	283	NT8_v2_fix
AL8G19452	scaffold_8_RagTag	77.69	381	60	13	19	381	6412516	6412143	5.29e-53	209	NT8_v2_fix
AL8G19452	scaffold_8_RagTag	77.69	381	60	13	19	381	6421295	6420922	5.29e-53	209	NT8_v2_fix
AL8G19452	scaffold_8_RagTag	80.788	203	32	4	180	381	6379602	6379406	9.04e-36	152	NT8_v2_fix
AL8G19400	scaffold_8_RagTag	78.4	375	59	14	1	361	6485085	6485451	1.88e-57	224	NT9_v2
AL8G19400	scaffold_8_RagTag	77.632	380	59	14	1	361	6499672	6500044	1.89e-52	207	NT9_v2
AL8G19400	scaffold_2_RagTag	87.5	192	17	6	191	379	15999439	15999626	1.13e-54	215	NT9_v2
AL8G19410	scaffold_8_RagTag	78.933	375	57	14	1	361	6485085	6485451	8.69e-61	235	NT9_v2
AL8G19410	scaffold_8_RagTag	78.158	380	57	14	1	361	6499672	6500044	8.75e-56	219	NT9_v2
AL8G19410	scaffold_2_RagTag	87.5	192	17	6	191	379	15999439	15999626	1.13e-54	215	NT9_v2
AL8G19420	scaffold_2_RagTag	88.021	192	17	5	191	380	15999439	15999626	6.78e-57	222	NT9_v2
AL8G19430	scaffold_8_RagTag	77.834	397	60	17	1	382	6485084	6485467	2.45e-56	220	NT9_v2
AL8G19430	scaffold_8_RagTag	76.943	386	55	19	1	364	6499671	6500044	6.92e-47	189	NT9_v2
AL8G19452	scaffold_8_RagTag	78.372	393	63	14	1	381	6485467	6485085	8.74e-61	235	NT9_v2
AL8G19452	scaffold_8_RagTag	77.69	381	59	14	19	381	6500044	6499672	5.3e-53	209	NT9_v2
AL8G19400	scaffold_8	97.361	379	10	0	1	379	6690258	6690636	0	645	PU6_v3_fin
AL8G19400	scaffold_8	96.063	381	13	1	1	379	6720810	6720430	2.04e-176	619	PU6_v3_fin
AL8G19400	scaffold_8	91.948	385	21	3	1	379	6698907	6699287	9.84e-150	531	PU6_v3_fin
AL8G19400	scaffold_2	87.5	192	17	6	191	379	15508990	15509177	1.13e-54	215	PU6_v3_fin
AL8G19410	scaffold_8	97.889	379	8	0	1	379	6690258	6690636	0	656	PU6_v3_fin
AL8G19410	scaffold_8	96.588	381	11	1	1	379	6720810	6720430	9.43e-180	630	PU6_v3_fin
AL8G19410	scaffold_8	92.468	385	19	3	1	379	6698907	6699287	4.55e-153	542	PU6_v3_fin
AL8G19410	scaffold_2	87.5	192	17	6	191	379	15508990	15509177	1.13e-54	215	PU6_v3_fin
AL8G19420	scaffold_8	97.895	380	7	1	1	380	6690258	6690636	0	656	PU6_v3_fin
AL8G19420	scaffold_8	96.588	381	12	1	1	380	6720810	6720430	9.46e-180	630	PU6_v3_fin
AL8G19420	scaffold_8	92.468	385	20	2	1	380	6698907	6699287	4.56e-153	542	PU6_v3_fin
AL8G19420	scaffold_2	88.021	192	17	5	191	380	15508990	15509177	6.74e-57	222	PU6_v3_fin
AL8G19430	scaffold_8	98.953	382	3	1	1	382	6698907	6699287	0	682	PU6_v3_fin
AL8G19430	scaffold_8	91.969	386	20	3	1	382	6690258	6690636	9.92e-150	531	PU6_v3_fin
AL8G19430	scaffold_8	92.105	380	21	2	7	382	6720804	6720430	1.28e-148	527	PU6_v3_fin
AL8G19452	scaffold_8	98.425	381	6	0	1	381	6720430	6720810	0	671	PU6_v3_fin
AL8G19452	scaffold_8	96.325	381	12	1	1	381	6690636	6690258	4.41e-178	625	PU6_v3_fin
AL8G19452	scaffold_8	91.71	386	22	3	1	381	6699287	6698907	1.28e-148	527	PU6_v3_fin
AL8G19400	scaffold_8_RagTag	97.368	380	9	1	1	379	6858777	6859156	0	645	TE11_v2
AL8G19400	scaffold_8_RagTag	92.488	213	15	1	3	215	6865071	6865282	2.31e-81	303	TE11_v2
AL8G19400	scaffold_8_RagTag	81.183	372	51	13	1	361	6869147	6869510	1.08e-74	281	TE11_v2
AL8G19400	scaffold_8_RagTag	76.826	397	54	21	1	365	6856502	6856892	6.75e-47	189	TE11_v2
AL8G19400	scaffold_2_RagTag	81.25	400	45	16	1	379	14190227	14190617	3.86e-79	296	TE11_v2
AL8G19410	scaffold_8_RagTag	97.895	380	7	1	1	379	6858777	6859156	0	656	TE11_v2
AL8G19410	scaffold_8_RagTag	93.427	213	13	1	3	215	6865071	6865282	1.07e-84	315	TE11_v2
AL8G19410	scaffold_8_RagTag	81.72	372	49	12	1	361	6869147	6869510	5e-78	292	TE11_v2
AL8G19410	scaffold_8_RagTag	77.582	397	51	20	1	365	6856502	6856892	6.7e-52	206	TE11_v2
AL8G19410	scaffold_2_RagTag	81.5	400	44	16	1	379	14190227	14190617	8.31e-81	302	TE11_v2
AL8G19420	scaffold_8_RagTag	97.632	380	9	0	1	380	6858777	6859156	0	652	TE11_v2
AL8G19420	scaffold_8_RagTag	93.427	213	13	1	3	215	6865071	6865282	1.07e-84	315	TE11_v2
AL8G19420	scaffold_8_RagTag	81.452	372	51	11	1	362	6869147	6869510	6.49e-77	289	TE11_v2
AL8G19420	scaffold_2_RagTag	81.75	400	44	15	1	380	14190227	14190617	1.79e-82	307	TE11_v2
AL8G19430	scaffold_8_RagTag	91.71	386	22	3	1	382	6858777	6859156	1.27e-148	527	TE11_v2
AL8G19430	scaffold_8_RagTag	95.023	221	11	0	6	226	6865073	6865293	1.06e-94	348	TE11_v2
AL8G19430	scaffold_8_RagTag	78.987	395	53	17	1	380	6869146	6869525	5.15e-63	243	TE11_v2
AL8G19430	scaffold_8_RagTag	97.297	111	3	0	272	382	6866145	6866255	6.81e-47	189	TE11_v2
AL8G19430	scaffold_8_RagTag	76.923	403	47	27	1	368	6856501	6856892	2.45e-46	187	TE11_v2
AL8G19452	scaffold_8_RagTag	96.588	381	12	1	1	381	6859156	6858777	9.38e-180	630	TE11_v2
AL8G19452	scaffold_8_RagTag	94.366	213	11	1	167	379	6865282	6865071	4.96e-88	326	TE11_v2
AL8G19452	scaffold_8_RagTag	80.513	390	54	14	3	381	6869525	6869147	3.91e-74	279	TE11_v2
AL8G19452	scaffold_8_RagTag	77.582	397	53	20	15	381	6856892	6856502	1.87e-52	207	TE11_v2
AL8G19452	scaffold_8_RagTag	90.909	121	10	1	1	121	6866255	6866136	1.48e-38	161	TE11_v2
AL8G19400	scaffold_2_RagTag:113346-24308598	80.155	388	55	7	1	375	14566116	14566494	2.37e-71	270	TE4_v1
AL8G19400	scaffold_8_RagTag:237858-24797477	78.133	375	60	14	1	361	6686537	6686903	8.72e-56	219	TE4_v1
AL8G19400	scaffold_8_RagTag:237858-24797477	77.428	381	59	15	1	361	6700010	6700383	8.78e-51	202	TE4_v1
AL8G19410	scaffold_2_RagTag:113346-24308598	80.155	388	55	8	1	375	14566116	14566494	2.37e-71	270	TE4_v1
AL8G19410	scaffold_8_RagTag:237858-24797477	78.667	375	58	14	1	361	6686537	6686903	4.03e-59	230	TE4_v1
AL8G19410	scaffold_8_RagTag:237858-24797477	77.953	381	57	15	1	361	6700010	6700383	4.06e-54	213	TE4_v1
AL8G19420	scaffold_2_RagTag:113346-24308598	80.412	388	55	7	1	376	14566116	14566494	5.11e-73	276	TE4_v1
AL8G19430	scaffold_8_RagTag:237858-24797477	77.582	397	61	17	1	382	6686536	6686919	1.14e-54	215	TE4_v1
AL8G19430	scaffold_8_RagTag:237858-24797477	77.202	386	55	18	1	364	6700009	6700383	1.48e-48	195	TE4_v1
AL8G19452	scaffold_8_RagTag:237858-24797477	78.117	393	64	14	1	381	6686919	6686537	4.05e-59	230	TE4_v1
AL8G19452	scaffold_8_RagTag:237858-24797477	77.69	381	60	13	19	381	6700383	6700010	5.28e-53	209	TE4_v1
AL8G19400	scaffold_8_RagTag:0-24591694	97.105	380	10	1	1	379	7328210	7328589	0	640	TE8_v1
AL8G19400	scaffold_8_RagTag:0-24591694	81.183	372	51	13	1	361	7346253	7346616	1.09e-74	281	TE8_v1
AL8G19400	scaffold_8_RagTag:0-24591694	77.428	381	59	15	1	361	7384983	7385356	8.73e-51	202	TE8_v1
AL8G19400	scaffold_8_RagTag:0-24591694	76.559	401	52	13	1	365	7325931	7326325	1.14e-44	182	TE8_v1
AL8G19400	scaffold_8_RagTag:0-24591694	93.162	117	7	1	3	119	7338756	7338641	2.46e-41	171	TE8_v1
AL8G19400	scaffold_8_RagTag:0-24591694	95	40	2	0	110	149	7337872	7337833	4.3e-09	63.9	TE8_v1
AL8G19400	scaffold_2_RagTag:0-23605790	81.25	400	45	16	1	379	13827317	13827707	3.89e-79	296	TE8_v1
AL8G19410	scaffold_8_RagTag:0-24591694	97.632	380	8	1	1	379	7328210	7328589	0	651	TE8_v1
AL8G19410	scaffold_8_RagTag:0-24591694	81.72	372	49	12	1	361	7346253	7346616	5.04e-78	292	TE8_v1
AL8G19410	scaffold_8_RagTag:0-24591694	77.953	381	57	15	1	361	7384983	7385356	4.03e-54	213	TE8_v1
AL8G19410	scaffold_8_RagTag:0-24591694	93.162	117	7	1	3	119	7338756	7338641	2.46e-41	171	TE8_v1
AL8G19410	scaffold_8_RagTag:0-24591694	81.281	203	31	3	1	202	7325931	7326127	1.92e-37	158	TE8_v1
AL8G19410	scaffold_2_RagTag:0-23605790	81.5	400	44	16	1	379	13827317	13827707	8.37e-81	302	TE8_v1
AL8G19420	scaffold_8_RagTag:0-24591694	97.632	380	9	0	1	380	7328210	7328589	0	652	TE8_v1
AL8G19420	scaffold_8_RagTag:0-24591694	81.452	372	51	11	1	362	7346253	7346616	6.53e-77	289	TE8_v1
AL8G19420	scaffold_8_RagTag:0-24591694	92.308	117	8	1	3	119	7338756	7338641	1.15e-39	165	TE8_v1
AL8G19420	scaffold_8_RagTag:0-24591694	97.5	40	1	0	110	149	7337872	7337833	9.27e-11	69.4	TE8_v1
AL8G19420	scaffold_2_RagTag:0-23605790	81.75	400	44	15	1	380	13827317	13827707	1.8e-82	307	TE8_v1
AL8G19430	scaffold_8_RagTag:0-24591694	91.71	386	22	3	1	382	7328210	7328589	1.28e-148	527	TE8_v1
AL8G19430	scaffold_8_RagTag:0-24591694	79.04	396	55	16	1	382	7346252	7346633	4.01e-64	246	TE8_v1
AL8G19430	scaffold_8_RagTag:0-24591694	77.202	386	55	18	1	364	7384982	7385356	1.47e-48	195	TE8_v1
AL8G19430	scaffold_8_RagTag:0-24591694	95.614	114	5	0	6	119	7338754	7338641	3.19e-45	183	TE8_v1
AL8G19430	scaffold_8_RagTag:0-24591694	76.427	403	53	22	1	368	7325930	7326325	4.13e-44	180	TE8_v1
AL8G19452	scaffold_8_RagTag:0-24591694	96.588	381	12	1	1	381	7328589	7328210	9.45e-180	630	TE8_v1
AL8G19452	scaffold_8_RagTag:0-24591694	80.563	391	56	13	1	381	7346633	7346253	3.05e-75	283	TE8_v1
AL8G19452	scaffold_8_RagTag:0-24591694	77.69	381	60	13	19	381	7385356	7384983	5.25e-53	209	TE8_v1
AL8G19452	scaffold_8_RagTag:0-24591694	77.556	401	50	17	15	381	7326325	7325931	6.79e-52	206	TE8_v1
AL8G19452	scaffold_8_RagTag:0-24591694	93.162	117	7	1	263	379	7338641	7338756	2.48e-41	171	TE8_v1
AL8G19452	scaffold_8_RagTag:0-24591694	97.5	40	1	0	233	272	7337833	7337872	9.29e-11	69.4	TE8_v1
AL8G19400	scaffold_8_RagTag	97.368	380	9	1	1	379	6751515	6751894	0	645	WS1_v2_s
AL8G19400	scaffold_8_RagTag	90.415	386	23	4	3	379	6758638	6759018	3.47e-139	496	WS1_v2_s
AL8G19400	scaffold_8_RagTag	81.402	371	52	11	1	361	6761888	6762251	2.27e-76	287	WS1_v2_s
AL8G19400	scaffold_8_RagTag	77.33	397	52	24	1	365	6749256	6749646	3.04e-50	200	WS1_v2_s
AL8G19400	scaffold_8_RagTag	77.165	381	60	15	1	361	6777889	6778262	3.94e-49	196	WS1_v2_s
AL8G19410	scaffold_8_RagTag	97.895	380	7	1	1	379	6751515	6751894	0	656	WS1_v2_s
AL8G19410	scaffold_8_RagTag	90.933	386	21	4	3	379	6758638	6759018	1.6e-142	507	WS1_v2_s
AL8G19410	scaffold_8_RagTag	81.941	371	50	10	1	361	6761888	6762251	1.05e-79	298	WS1_v2_s
AL8G19410	scaffold_8_RagTag	78.086	397	49	23	1	365	6749256	6749646	3.02e-55	217	WS1_v2_s
AL8G19410	scaffold_8_RagTag	77.69	381	58	15	1	361	6777889	6778262	1.82e-52	207	WS1_v2_s
AL8G19420	scaffold_8_RagTag	97.895	380	8	0	1	380	6751515	6751894	0	658	WS1_v2_s
AL8G19420	scaffold_8_RagTag	90.933	386	22	4	3	380	6758638	6759018	1.61e-142	507	WS1_v2_s
AL8G19420	scaffold_8_RagTag	81.671	371	52	9	1	362	6761888	6762251	1.36e-78	294	WS1_v2_s
AL8G19420	scaffold_2_RagTag	79.381	388	42	14	1	376	13535762	13536123	6.47e-62	239	WS1_v2_s
AL8G19430	scaffold_8_RagTag	95.778	379	14	1	6	382	6758640	6759018	1.2e-173	610	WS1_v2_s
AL8G19430	scaffold_8_RagTag	91.969	386	21	3	1	382	6751515	6751894	2.66e-150	532	WS1_v2_s
AL8G19430	scaffold_8_RagTag	78.987	395	53	17	1	380	6761887	6762266	5.03e-63	243	WS1_v2_s
AL8G19430	scaffold_8_RagTag	77.419	403	45	30	1	368	6749255	6749646	1.1e-49	198	WS1_v2_s
AL8G19430	scaffold_8_RagTag	76.943	386	56	18	1	364	6777888	6778262	6.64e-47	189	WS1_v2_s
AL8G19452	scaffold_8_RagTag	96.85	381	11	1	1	381	6751894	6751515	0	636	WS1_v2_s
AL8G19452	scaffold_8_RagTag	91.451	386	21	4	1	379	6759018	6758638	2.07e-146	520	WS1_v2_s
AL8G19452	scaffold_8_RagTag	80.463	389	56	12	3	381	6762266	6761888	3.82e-74	279	WS1_v2_s
AL8G19452	scaffold_8_RagTag	78.086	397	51	21	15	381	6749646	6749256	8.45e-56	219	WS1_v2_s
AL8G19452	scaffold_8_RagTag	77.428	381	61	13	19	381	6778262	6777889	2.37e-51	204	WS1_v2_s
