qseqid	sseqid	pident	length	mismatch	gapopen	qstart	qend	sstart	send	evalue	bitscore	stitle
AL7G34270	scaffold_7_RagTag	95.124	3343	93	21	1	3306	10068670	10071979	0	5206	73_3a_fixed_genome_15_1_24
AL7G34270	scaffold_7_RagTag	88.856	673	44	16	16	659	10063902	10064572	0	798	73_3a_fixed_genome_15_1_24
AL7G34270	scaffold_7_RagTag	91.971	411	31	2	1146	1556	10064573	10064981	4.04e-162	575	73_3a_fixed_genome_15_1_24
AL7G34270	scaffold_7_RagTag	82.933	416	63	5	2562	2971	10074351	10074764	7.36e-100	368	73_3a_fixed_genome_15_1_24
AL7G34270	scaffold_8_RagTag	93.525	139	9	0	1418	1556	21812148	21812286	1.7e-51	207	73_3a_fixed_genome_15_1_24
AL7G34280	scaffold_7_RagTag	96.147	1713	42	11	1	1696	10073337	10075042	0	2776	73_3a_fixed_genome_15_1_24
AL7G34280	scaffold_7_RagTag	77.935	707	112	27	1018	1694	10071239	10071931	3.7e-110	401	73_3a_fixed_genome_15_1_24
AL7G34290	scaffold_8_RagTag	96.059	406	8	3	1613	2010	6065262	6065667	0	654	73_3a_fixed_genome_15_1_24
AL7G34290	scaffold_3_RagTag	94.541	403	14	4	1613	2009	11534987	11534587	1.7e-174	616	73_3a_fixed_genome_15_1_24
AL7G34290	scaffold_3_RagTag	90.931	408	14	4	1612	2009	31944721	31944327	8.19e-148	527	73_3a_fixed_genome_15_1_24
AL7G34290	scaffold_1_RagTag	88.406	414	33	6	1613	2012	18993476	18993064	5e-135	484	73_3a_fixed_genome_15_1_24
AL7G34290	scaffold_7_RagTag	76.675	403	89	5	1138	1538	10074351	10074750	5.6e-55	219	73_3a_fixed_genome_15_1_24
AL7G34270	scaffold_7_RagTag	95.754	3321	62	11	1	3306	9946064	9949320	0	5278	AL08_v2_f
AL7G34270	scaffold_7_RagTag	88.542	672	48	12	16	659	9941326	9941996	0	787	AL08_v2_f
AL7G34270	scaffold_7_RagTag	93.04	273	18	1	1284	1556	9942100	9942371	8.61e-109	398	AL08_v2_f
AL7G34270	scaffold_7_RagTag	82.212	416	66	5	2562	2971	9951693	9952106	6.8e-95	351	AL08_v2_f
AL7G34270	scaffold_8_RagTag	94.245	139	8	0	1418	1556	6028986	6029124	3.35e-53	213	AL08_v2_f
AL7G34280	scaffold_7_RagTag	97.083	1714	25	12	1	1696	9950679	9952385	0	2865	AL08_v2_f
AL7G34280	scaffold_7_RagTag	81.754	707	113	15	56	754	9947811	9948509	5.24e-163	577	AL08_v2_f
AL7G34280	scaffold_7_RagTag	78.076	707	111	27	1018	1694	9948580	9949272	7.28e-112	407	AL08_v2_f
AL7G34290	scaffold_7_RagTag	93.128	422	15	4	1607	2016	15220642	15220223	9.37e-172	606	AL08_v2_f
AL7G34290	scaffold_7_RagTag	93.612	407	15	4	1613	2010	6067841	6068245	5.64e-169	597	AL08_v2_f
AL7G34290	scaffold_8_RagTag	92.654	422	6	5	1613	2010	5847761	5848181	4.39e-165	584	AL08_v2_f
AL7G34290	scaffold_8_RagTag	85.468	406	31	7	1616	2009	2228492	2228881	6.14e-109	398	AL08_v2_f
AL7G34290	scaffold_4_RagTag	92.875	393	11	3	1613	1989	3195347	3194956	3.44e-156	555	AL08_v2_f
AL7G34290	scaffold_4_RagTag	87.77	417	33	5	1613	2012	9780494	9780909	3.57e-131	472	AL08_v2_f
AL7G34290	scaffold_1_RagTag	88.537	410	35	4	1611	2009	20608595	20608187	1.27e-135	486	AL08_v2_f
AL7G34290	scaffold_1_RagTag	87.136	412	39	5	1613	2012	20738654	20738245	3.59e-126	455	AL08_v2_f
AL7G34290	scaffold_6_RagTag	86.829	410	34	5	1612	2003	7060419	7060826	1.01e-121	440	AL08_v2_f
AL7G34290	scaffold_5_RagTag	85.432	405	31	11	1613	2009	3883753	3884137	2.21e-108	396	AL08_v2_f
AL7G34270	scaffold_7_RagTag	97.55	1592	19	5	1680	3251	9873922	9872331	0	2706	al1_v2_s
AL7G34270	scaffold_7_RagTag	98.016	1260	20	4	1	1258	9875568	9874312	0	2183	al1_v2_s
AL7G34270	scaffold_7_RagTag	88.41	673	45	17	16	659	9880302	9879634	0	780	al1_v2_s
AL7G34270	scaffold_7_RagTag	99.077	325	3	0	1264	1588	9874268	9873944	6.86e-165	584	al1_v2_s
AL7G34270	scaffold_7_RagTag	78.076	707	106	29	2562	3249	9869280	9868604	7.41e-110	401	al1_v2_s
AL7G34270	scaffold_7_RagTag	91.489	282	23	1	1284	1565	9879530	9879250	2.08e-105	387	al1_v2_s
AL7G34270	scaffold_7_RagTag	74.638	414	87	14	2562	2964	9857155	9856749	2.94e-39	167	al1_v2_s
AL7G34270	scaffold_7_RagTag	93.814	97	6	0	1149	1245	9879630	9879534	3.84e-33	147	al1_v2_s
AL7G34270	scaffold_7_RagTag	100	43	0	0	1441	1483	9874311	9874269	3.95e-13	80.5	al1_v2_s
AL7G34280	scaffold_7_RagTag	99.261	812	5	1	1	812	9870864	9870054	0	1465	al1_v2_s
AL7G34280	scaffold_7_RagTag	98.128	748	5	5	955	1696	9869346	9868602	0	1295	al1_v2_s
AL7G34280	scaffold_7_RagTag	80.446	762	131	16	56	807	9873825	9873072	1.26e-159	566	al1_v2_s
AL7G34280	scaffold_7_RagTag	78.218	707	110	27	1018	1694	9873025	9872333	1.74e-113	412	al1_v2_s
AL7G34290	scaffold_7_RagTag	98.639	1617	15	6	1	1612	9858290	9856676	0	2857	al1_v2_s
AL7G34290	scaffold_7_RagTag	99.157	356	2	1	2010	2365	9856683	9856329	0	640	al1_v2_s
AL7G34290	scaffold_7_RagTag	75.061	409	90	10	1138	1540	9873025	9872623	2.7e-43	180	al1_v2_s
AL7G34290	scaffold_4_RagTag	94.189	413	12	3	1609	2009	17494357	17494769	1.34e-175	619	al1_v2_s
AL7G34290	scaffold_8_RagTag	97.554	327	6	2	1686	2010	22346727	22346401	2.96e-157	558	al1_v2_s
AL7G34290	scaffold_8_RagTag	96.512	86	3	0	1613	1698	22346824	22346739	3.54e-32	143	al1_v2_s
AL7G34290	scaffold_2_RagTag	96.308	325	10	2	1686	2009	20878960	20878637	1.8e-149	532	al1_v2_s
AL7G34290	scaffold_2_RagTag	93.506	77	5	0	1609	1685	20879063	20878987	7.71e-24	115	al1_v2_s
AL7G34270	scaffold_7_RagTag	94.614	2525	68	28	20	2503	9964725	9967222	0	3847	AL27_v1
AL7G34270	scaffold_7_RagTag	96.496	685	10	4	2531	3202	9967221	9967904	0	1120	AL27_v1
AL7G34270	scaffold_7_RagTag	87.685	674	50	18	16	658	9959598	9960269	0	754	AL27_v1
AL7G34270	scaffold_7_RagTag	91.748	412	32	2	1145	1556	9960270	9960679	4.82e-161	571	AL27_v1
AL7G34270	scaffold_7_RagTag	82.933	416	63	5	2562	2971	9971645	9972058	6.79e-100	368	AL27_v1
AL7G34270	scaffold_7_RagTag	91.892	148	12	0	1418	1565	6439082	6438935	1.57e-51	207	AL27_v1
AL7G34270	scaffold_7_RagTag	88.073	109	8	4	3198	3306	9969114	9969217	1.62e-26	124	AL27_v1
AL7G34280	scaffold_7_RagTag	96.439	1713	38	10	1	1696	9970630	9972336	0	2804	AL27_v1
AL7G34280	scaffold_7_RagTag	81.471	707	115	15	56	754	9966483	9967181	1.14e-159	566	AL27_v1
AL7G34280	scaffold_7_RagTag	78.287	654	98	21	1018	1641	9967252	9967891	4.44e-104	381	AL27_v1
AL7G34290	scaffold_1_RagTag	97.519	403	7	2	1610	2009	28596751	28596349	0	686	AL27_v1
AL7G34290	scaffold_1_RagTag	87.469	407	40	4	1613	2009	16587565	16587970	2.79e-127	459	AL27_v1
AL7G34290	scaffold_7_RagTag	96.758	401	9	4	1612	2009	7969619	7969220	0	665	AL27_v1
AL7G34290	scaffold_7_RagTag	93.627	408	14	2	1613	2009	19924345	19924751	1.58e-169	599	AL27_v1
AL7G34290	scaffold_7_RagTag	96.396	333	10	2	1686	2016	13287657	13287989	5.79e-154	547	AL27_v1
AL7G34290	scaffold_7_RagTag	84.428	411	35	8	1612	2009	21797865	21798259	8.04e-103	377	AL27_v1
AL7G34290	scaffold_7_RagTag	76.923	403	88	5	1138	1538	9971645	9972044	1.11e-56	224	AL27_v1
AL7G34290	scaffold_7_RagTag	95.699	93	4	0	1606	1698	13287555	13287647	1.91e-34	150	AL27_v1
AL7G34290	scaffold_8_RagTag	95.366	410	9	4	1612	2012	9362657	9363065	0	643	AL27_v1
AL7G34290	scaffold_8_RagTag	94.686	414	9	4	1613	2013	11002531	11002118	5.59e-179	630	AL27_v1
AL7G34290	scaffold_8_RagTag	98.182	275	4	1	1736	2009	289238	288964	2.14e-133	479	AL27_v1
AL7G34290	scaffold_8_RagTag	83.698	411	38	6	1613	2009	13068001	13067606	8.1e-98	361	AL27_v1
AL7G34290	scaffold_8_RagTag	92.405	237	8	2	1609	1835	289496	289260	2.28e-88	329	AL27_v1
AL7G34290	scaffold_3_RagTag	98.16	326	4	2	1686	2009	11996226	11995901	4.44e-160	568	AL27_v1
AL7G34290	scaffold_3_RagTag	96.386	83	3	0	1616	1698	11996326	11996244	1.49e-30	137	AL27_v1
AL7G34290	scaffold_2_RagTag	87.931	406	34	4	1613	2004	5571565	5571969	6e-129	464	AL27_v1
AL7G34290	scaffold_5_RagTag	94.323	229	11	2	1784	2011	11786751	11786978	1.75e-94	350	AL27_v1
AL7G34290	scaffold_5_RagTag	81.683	404	30	17	1613	2009	3943230	3943596	2.32e-78	296	AL27_v1
AL7G34270	scaffold_7	94.577	3356	83	18	20	3306	10013988	10017313	0	5097	ALR.ragtag.scaffold_chr_15_1_24.masked
AL7G34270	scaffold_7	87.779	671	47	17	16	658	10008868	10009531	0	752	ALR.ragtag.scaffold_chr_15_1_24.masked
AL7G34270	scaffold_7	91.505	412	33	2	1145	1556	10009532	10009941	2.42e-159	566	ALR.ragtag.scaffold_chr_15_1_24.masked
AL7G34270	scaffold_7	82.933	416	63	5	2562	2971	10021073	10021486	7.31e-100	368	ALR.ragtag.scaffold_chr_15_1_24.masked
AL7G34270	scaffold_7	91.892	148	12	0	1418	1565	22272373	22272226	1.69e-51	207	ALR.ragtag.scaffold_chr_15_1_24.masked
AL7G34280	scaffold_7	96.439	1713	38	10	1	1696	10020058	10021764	0	2804	ALR.ragtag.scaffold_chr_15_1_24.masked
AL7G34280	scaffold_7	80.478	753	129	16	56	798	10015744	10016488	5.72e-158	560	ALR.ragtag.scaffold_chr_15_1_24.masked
AL7G34280	scaffold_7	82.701	422	69	4	1018	1437	10016544	10016963	2.88e-101	372	ALR.ragtag.scaffold_chr_15_1_24.masked
AL7G34290	scaffold_2	96.049	405	10	3	1611	2009	19606617	19607021	0	654	ALR.ragtag.scaffold_chr_15_1_24.masked
AL7G34290	scaffold_2	94.673	413	12	3	1607	2009	8251616	8252028	1.67e-179	632	ALR.ragtag.scaffold_chr_15_1_24.masked
AL7G34290	scaffold_2	94.089	406	15	3	1613	2010	6968171	6967767	2.82e-172	608	ALR.ragtag.scaffold_chr_15_1_24.masked
AL7G34290	scaffold_6	95.035	423	7	6	1607	2017	28199246	28198826	0	652	ALR.ragtag.scaffold_chr_15_1_24.masked
AL7G34290	scaffold_6	93.284	402	17	7	1613	2009	23426267	23426663	4.75e-165	584	ALR.ragtag.scaffold_chr_15_1_24.masked
AL7G34290	scaffold_6	86.765	408	36	5	1613	2004	8803386	8803791	3.92e-121	438	ALR.ragtag.scaffold_chr_15_1_24.masked
AL7G34290	scaffold_6	85.222	406	51	5	1612	2013	13145770	13146170	3.07e-112	409	ALR.ragtag.scaffold_chr_15_1_24.masked
AL7G34290	scaffold_7	96.04	404	8	4	1613	2009	5213538	5213940	0	651	ALR.ragtag.scaffold_chr_15_1_24.masked
AL7G34290	scaffold_7	94.377	409	12	4	1612	2010	4824843	4825250	4.69e-175	617	ALR.ragtag.scaffold_chr_15_1_24.masked
AL7G34290	scaffold_7	76.923	403	88	5	1138	1538	10021073	10021472	1.19e-56	224	ALR.ragtag.scaffold_chr_15_1_24.masked
AL7G34290	scaffold_1	88.537	410	36	4	1613	2012	20035907	20035499	1.38e-135	486	ALR.ragtag.scaffold_chr_15_1_24.masked
AL7G34270	scaffold_7_RagTag	96.281	3119	83	12	212	3306	10828338	10831447	0	5086	BAM12_v2
AL7G34270	scaffold_7_RagTag	89.851	670	41	13	16	659	10822434	10823102	0	835	BAM12_v2
AL7G34270	scaffold_7_RagTag	92.457	411	29	2	1146	1556	10823103	10823511	1.9e-165	586	BAM12_v2
AL7G34270	scaffold_7_RagTag	82.933	416	63	5	2562	2971	10845329	10845742	7.49e-100	368	BAM12_v2
AL7G34270	scaffold_7_RagTag	96.759	216	6	1	1	215	10827199	10827414	4.51e-97	359	BAM12_v2
AL7G34280	scaffold_7_RagTag	98.66	970	12	1	1	970	10839237	10840205	0	1718	BAM12_v2
AL7G34280	scaffold_7_RagTag	92.43	753	30	10	965	1696	10845278	10846024	0	1050	BAM12_v2
AL7G34280	scaffold_7_RagTag	80.212	753	120	18	56	798	10829918	10830651	2.75e-151	538	BAM12_v2
AL7G34280	scaffold_7_RagTag	77.433	709	107	33	1018	1694	10830707	10831394	8.19e-102	374	BAM12_v2
AL7G34290	scaffold_8_RagTag	96.04	404	8	3	1613	2009	16767028	16767430	0	651	BAM12_v2
AL7G34290	scaffold_8_RagTag	95.366	410	7	3	1613	2010	21464836	21464427	0	641	BAM12_v2
AL7G34290	scaffold_8_RagTag	89.888	356	21	6	1666	2009	2424995	2425347	8.63e-123	444	BAM12_v2
AL7G34290	scaffold_1_RagTag	95.588	408	8	4	1611	2009	17128129	17127723	0	645	BAM12_v2
AL7G34290	scaffold_1_RagTag	95.96	396	8	4	1610	1998	16274305	16274699	1.33e-180	636	BAM12_v2
AL7G34290	scaffold_1_RagTag	94.673	413	6	4	1613	2009	9828627	9828215	7.98e-178	627	BAM12_v2
AL7G34290	scaffold_7_RagTag	97.735	309	5	2	1703	2009	15141106	15141414	6.44e-149	531	BAM12_v2
AL7G34290	scaffold_7_RagTag	76.923	403	88	5	1138	1538	10845329	10845728	1.22e-56	224	BAM12_v2
AL7G34290	scaffold_7_RagTag	74.328	409	88	13	1138	1540	10830707	10831104	1.26e-36	158	BAM12_v2
AL7G34290	scaffold_7_RagTag	95.556	90	4	0	1609	1698	15140054	15140143	9.8e-33	145	BAM12_v2
AL7G34270	scaffold_7_RagTag:0-26551907	96.994	3327	64	10	1	3306	10192627	10195938	0	5557	BOR_v1
AL7G34270	scaffold_7_RagTag:0-26551907	88.095	672	49	16	16	658	10187859	10188528	0	769	BOR_v1
AL7G34270	scaffold_7_RagTag:0-26551907	91.019	412	33	3	1145	1556	10188529	10188936	1.77e-155	553	BOR_v1
AL7G34270	scaffold_7_RagTag:0-26551907	82.933	416	63	5	2562	2971	10198312	10198725	6.87e-100	368	BOR_v1
AL7G34280	scaffold_7_RagTag:0-26551907	96.499	1714	35	12	1	1696	10197298	10199004	0	2809	BOR_v1
AL7G34280	scaffold_7_RagTag:0-26551907	80.426	751	131	15	56	798	10194391	10195133	1.93e-157	558	BOR_v1
AL7G34280	scaffold_7_RagTag:0-26551907	77.935	707	112	27	1018	1694	10195189	10195881	3.45e-110	401	BOR_v1
AL7G34290	scaffold_4_RagTag:18000-22695972	94.023	435	14	5	1594	2017	13750120	13750553	0	649	BOR_v1
AL7G34290	scaffold_4_RagTag:18000-22695972	95.588	408	9	3	1612	2010	19857073	19857480	0	645	BOR_v1
AL7G34290	scaffold_4_RagTag:18000-22695972	88.675	415	31	5	1613	2012	10243189	10243602	2.79e-137	492	BOR_v1
AL7G34290	scaffold_8_RagTag:0-21093757	95.599	409	7	4	1613	2010	6003919	6004327	0	645	BOR_v1
AL7G34290	scaffold_3_RagTag:0-24937921	95.285	403	12	3	1613	2009	11259831	11259430	1.57e-179	632	BOR_v1
AL7G34290	scaffold_3_RagTag:0-24937921	87.923	414	34	6	1609	2009	7211747	7211337	1.01e-131	473	BOR_v1
AL7G34290	scaffold_6_RagTag:0-24760478	94.299	421	9	5	1604	2009	9272303	9272723	5.66e-179	630	BOR_v1
AL7G34290	scaffold_6_RagTag:0-24760478	94.161	411	9	3	1612	2009	13229422	13229830	2.05e-173	612	BOR_v1
AL7G34290	scaffold_6_RagTag:0-24760478	92.665	409	17	5	1613	2009	2547149	2546742	7.48e-163	577	BOR_v1
AL7G34290	scaffold_6_RagTag:0-24760478	86.946	406	43	7	1612	2009	11257752	11258155	6.12e-124	448	BOR_v1
AL7G34290	scaffold_2_RagTag:0-21425966	94.621	409	9	4	1613	2009	12397538	12397945	3.41e-176	621	BOR_v1
AL7G34290	scaffold_2_RagTag:0-21425966	98.046	307	3	2	1706	2010	598584	598279	5.9e-149	531	BOR_v1
AL7G34290	scaffold_7_RagTag:0-26551907	87.864	412	33	6	1613	2009	2573447	2573038	4.69e-130	468	BOR_v1
AL7G34290	scaffold_7_RagTag:0-26551907	76.923	403	88	5	1138	1538	10198312	10198711	1.12e-56	224	BOR_v1
AL7G34290	scaffold_7_RagTag:0-26551907	75.306	409	89	10	1138	1540	10195189	10195591	5.29e-45	185	BOR_v1
AL7G34290	scaffold_5_RagTag:0-21731985	84.729	406	33	11	1613	2009	3854649	3855034	2.26e-103	379	BOR_v1
AL7G34270	scaffold_6_RagTag	96.287	3340	64	12	1	3306	11836867	11840180	0	5426	F1-14.ragtag.scaffold_chr
AL7G34270	scaffold_6_RagTag	86.6	500	37	16	16	487	11831605	11832102	4.03e-147	525	F1-14.ragtag.scaffold_chr
AL7G34270	scaffold_6_RagTag	92.647	272	19	1	1284	1555	11832225	11832495	1.54e-106	390	F1-14.ragtag.scaffold_chr
AL7G34270	scaffold_6_RagTag	82.933	416	63	5	2562	2971	11842561	11842974	7.19e-100	368	F1-14.ragtag.scaffold_chr
AL7G34270	scaffold_6_RagTag	93	100	7	0	1146	1245	11832122	11832221	3.67e-33	147	F1-14.ragtag.scaffold_chr
AL7G34270	scaffold_7_RagTag	95.068	3325	77	16	1	3306	11022736	11025992	0	5151	F1-14.ragtag.scaffold_chr
AL7G34270	scaffold_7_RagTag	86.8	500	36	16	16	487	11011856	11012353	8.67e-149	531	F1-14.ragtag.scaffold_chr
AL7G34270	scaffold_7_RagTag	92.647	272	19	1	1284	1555	11012476	11012746	1.54e-106	390	F1-14.ragtag.scaffold_chr
AL7G34270	scaffold_7_RagTag	81.971	416	67	5	2562	2971	11028366	11028779	3.37e-93	346	F1-14.ragtag.scaffold_chr
AL7G34270	scaffold_7_RagTag	93	100	7	0	1146	1245	11012373	11012472	3.67e-33	147	F1-14.ragtag.scaffold_chr
AL7G34280	scaffold_7_RagTag	96.908	1714	29	10	1	1696	11027351	11029058	0	2850	F1-14.ragtag.scaffold_chr
AL7G34280	scaffold_7_RagTag	77.652	707	109	29	1018	1694	11025256	11025943	3.63e-105	385	F1-14.ragtag.scaffold_chr
AL7G34280	scaffold_6_RagTag	96.322	1713	39	11	1	1696	11841547	11843252	0	2793	F1-14.ragtag.scaffold_chr
AL7G34280	scaffold_6_RagTag	77.369	707	111	29	1018	1694	11839436	11840123	7.87e-102	374	F1-14.ragtag.scaffold_chr
AL7G34290	scaffold_3_RagTag	96.314	407	8	3	1610	2009	5933204	5933610	0	662	F1-14.ragtag.scaffold_chr
AL7G34290	scaffold_3_RagTag	96.059	406	9	4	1610	2009	5974455	5974859	0	654	F1-14.ragtag.scaffold_chr
AL7G34290	scaffold_5_RagTag	96.04	404	9	4	1613	2009	19564777	19565180	0	651	F1-14.ragtag.scaffold_chr
AL7G34290	scaffold_2_RagTag	94.66	412	10	3	1610	2009	24149828	24149417	2.13e-178	628	F1-14.ragtag.scaffold_chr
AL7G34290	scaffold_7_RagTag	93.976	415	5	8	1613	2010	21596331	21596742	7.72e-173	610	F1-14.ragtag.scaffold_chr
AL7G34290	scaffold_7_RagTag	74.817	409	86	13	1138	1540	11025256	11025653	5.58e-40	169	F1-14.ragtag.scaffold_chr
AL7G34290	scaffold_1_RagTag	92.806	417	10	5	1613	2009	14131901	14132317	1.3e-165	586	F1-14.ragtag.scaffold_chr
AL7G34290	scaffold_1_RagTag	85.956	413	41	6	1614	2012	21529392	21528983	3e-117	425	F1-14.ragtag.scaffold_chr
AL7G34290	scaffold_6_RagTag	76.923	403	88	5	1138	1538	11842561	11842960	1.17e-56	224	F1-14.ragtag.scaffold_chr
AL7G34290	scaffold_6_RagTag	74.572	409	87	13	1138	1540	11839436	11839833	2.6e-38	163	F1-14.ragtag.scaffold_chr
AL7G34270	scaffold_7_RagTag	96.591	2875	54	15	195	3061	9928798	9931636	0	4726	KN003hexa_v0
AL7G34270	scaffold_7_RagTag	87.649	672	51	18	16	658	9923193	9923861	0	752	KN003hexa_v0
AL7G34270	scaffold_7_RagTag	91.505	412	33	2	1145	1556	9923862	9924271	2.35e-159	566	KN003hexa_v0
AL7G34270	scaffold_7_RagTag	77.511	707	111	28	2562	3249	9934062	9934739	9.12e-104	381	KN003hexa_v0
AL7G34270	scaffold_7_RagTag	99.51	204	1	0	1	204	9928213	9928416	5.49e-101	372	KN003hexa_v0
AL7G34270	scaffold_7_RagTag	74.879	414	86	14	2562	2964	9944389	9944795	5.97e-41	172	KN003hexa_v0
AL7G34270	scaffold_7_RagTag	98.75	80	1	0	3227	3306	9931634	9931713	4.68e-32	143	KN003hexa_v0
AL7G34280	scaffold_7_RagTag	98.94	1698	14	3	1	1696	9933046	9934741	0	3033	KN003hexa_v0
AL7G34280	scaffold_7_RagTag	81.841	402	65	5	1018	1417	9931137	9931532	4.74e-89	331	KN003hexa_v0
AL7G34290	scaffold_7_RagTag	99.684	1583	4	1	1	1582	9943252	9944834	0	2894	KN003hexa_v0
AL7G34290	scaffold_7_RagTag	98.392	684	5	5	1687	2365	9944844	9945526	0	1197	KN003hexa_v0
AL7G34290	scaffold_7_RagTag	90.25	400	29	5	1613	2004	22798097	22797700	6.14e-144	514	KN003hexa_v0
AL7G34290	scaffold_7_RagTag	86.65	412	37	6	1613	2009	24251280	24251688	1.06e-121	440	KN003hexa_v0
AL7G34290	scaffold_7_RagTag	74.328	409	88	13	1138	1540	9931137	9931534	1.19e-36	158	KN003hexa_v0
AL7G34290	scaffold_1_RagTag	87.651	413	33	8	1613	2013	15542729	15542323	6.28e-129	464	KN003hexa_v0
AL7G34270	scaffold_7_RagTag	97.856	1726	12	7	1	1726	9949154	9950854	0	2959	KN005_v1
AL7G34270	scaffold_7_RagTag	99.06	1596	7	1	1719	3306	9951555	9953150	0	2857	KN005_v1
AL7G34270	scaffold_7_RagTag	87.649	672	51	18	16	658	9944134	9944802	0	752	KN005_v1
AL7G34270	scaffold_7_RagTag	91.505	412	33	2	1145	1556	9944803	9945212	2.31e-159	566	KN005_v1
AL7G34270	scaffold_7_RagTag	77.511	707	111	28	2562	3249	9955500	9956177	8.98e-104	381	KN005_v1
AL7G34270	scaffold_7_RagTag	74.879	414	86	14	2562	2964	9965372	9965778	5.88e-41	172	KN005_v1
AL7G34280	scaffold_7_RagTag	99.764	1697	3	1	1	1696	9954483	9956179	0	3110	KN005_v1
AL7G34280	scaffold_7_RagTag	80.365	713	111	17	56	754	9951609	9952306	4.32e-144	514	KN005_v1
AL7G34280	scaffold_7_RagTag	77.652	707	109	29	1018	1694	9952406	9953093	3.53e-105	385	KN005_v1
AL7G34290	scaffold_7_RagTag	99.074	2377	10	6	1	2365	9964234	9966610	0	4257	KN005_v1
AL7G34290	scaffold_7_RagTag	90.05	402	28	5	1613	2004	23309793	23309394	7.82e-143	510	KN005_v1
AL7G34290	scaffold_7_RagTag	86.683	413	36	6	1613	2009	24592555	24592964	1.04e-121	440	KN005_v1
AL7G34290	scaffold_7_RagTag	75.061	409	85	13	1138	1540	9952406	9952803	1.17e-41	174	KN005_v1
AL7G34290	scaffold_1_RagTag	87.651	413	33	8	1613	2013	15254667	15254261	6.18e-129	464	KN005_v1
AL7G34270	scaffold_7_RagTag	99.153	3306	8	1	1	3306	10691413	10694698	0	5932	KN006_v1
AL7G34270	scaffold_7_RagTag	87.704	675	50	18	16	659	10686088	10686760	0	756	KN006_v1
AL7G34270	scaffold_7_RagTag	92.647	272	19	1	1284	1555	10686864	10687134	1.58e-106	390	KN006_v1
AL7G34270	scaffold_7_RagTag	77.542	708	110	28	2562	3249	10705565	10706243	9.49e-104	381	KN006_v1
AL7G34270	scaffold_7_RagTag	74.879	414	86	14	2562	2964	10715492	10715898	6.22e-41	172	KN006_v1
AL7G34270	scaffold_7_RagTag	93	100	7	0	1146	1245	10686761	10686860	3.77e-33	147	KN006_v1
AL7G34280	scaffold_7_RagTag	99.647	1698	4	2	1	1696	10704548	10706245	0	3101	KN006_v1
AL7G34280	scaffold_7_RagTag	77.228	707	112	29	1018	1694	10693954	10694641	3.76e-100	368	KN006_v1
AL7G34290	scaffold_7_RagTag	99.074	2377	10	6	1	2365	10714354	10716730	0	4257	KN006_v1
AL7G34290	scaffold_7_RagTag	90.524	401	27	6	1613	2004	24242120	24241722	1.37e-145	520	KN006_v1
AL7G34290	scaffold_7_RagTag	86.861	411	37	6	1613	2009	25786897	25787304	8.51e-123	444	KN006_v1
AL7G34290	scaffold_1_RagTag	87.651	413	33	8	1613	2013	15992207	15991801	6.53e-129	464	KN006_v1
AL7G34270	scaffold_7_RagTag	100	3306	0	0	1	3306	10245430	10248735	0	6106	MN47_mabs_v3
AL7G34270	scaffold_7_RagTag	87.649	672	51	18	16	658	10240423	10241091	0	752	MN47_mabs_v3
AL7G34270	scaffold_7_RagTag	91.505	412	33	2	1145	1556	10241092	10241501	2.44e-159	566	MN47_mabs_v3
AL7G34270	scaffold_7_RagTag	77.511	707	110	29	2562	3249	10251087	10251763	3.41e-103	379	MN47_mabs_v3
AL7G34270	scaffold_7_RagTag	74.817	409	86	13	2562	2959	10272817	10273219	8.04e-40	169	MN47_mabs_v3
AL7G34280	scaffold_7_RagTag	100	1696	0	0	1	1696	10250070	10251765	0	3133	MN47_mabs_v3
AL7G34280	scaffold_7_RagTag	77.511	707	110	29	1018	1694	10247991	10248678	1.74e-103	379	MN47_mabs_v3
AL7G34290	scaffold_7_RagTag	100	2365	0	0	1	2365	10271680	10274044	0	4368	MN47_mabs_v3
AL7G34290	scaffold_7_RagTag	90.025	401	29	6	1613	2004	24600014	24599616	2.98e-142	508	MN47_mabs_v3
AL7G34290	scaffold_7_RagTag	86.683	413	36	6	1613	2009	25917727	25918136	1.1e-121	440	MN47_mabs_v3
AL7G34290	scaffold_7_RagTag	74.817	409	86	13	1138	1540	10247991	10248388	5.74e-40	169	MN47_mabs_v3
AL7G34290	scaffold_8_RagTag	89.831	354	23	6	1666	2009	2417557	2417207	3.06e-122	442	MN47_mabs_v3
AL7G34270	scaffold_7_RagTag	100	3306	0	0	1	3306	10245430	10248735	0	6106	MN47_v4
AL7G34270	scaffold_7_RagTag	87.649	672	51	18	16	658	10240423	10241091	0	752	MN47_v4
AL7G34270	scaffold_7_RagTag	91.505	412	33	2	1145	1556	10241092	10241501	2.44e-159	566	MN47_v4
AL7G34270	scaffold_7_RagTag	77.511	707	110	29	2562	3249	10251087	10251763	3.41e-103	379	MN47_v4
AL7G34270	scaffold_7_RagTag	74.817	409	86	13	2562	2959	10272817	10273219	8.04e-40	169	MN47_v4
AL7G34280	scaffold_7_RagTag	100	1696	0	0	1	1696	10250070	10251765	0	3133	MN47_v4
AL7G34280	scaffold_7_RagTag	77.511	707	110	29	1018	1694	10247991	10248678	1.74e-103	379	MN47_v4
AL7G34290	scaffold_7_RagTag	100	2365	0	0	1	2365	10271680	10274044	0	4368	MN47_v4
AL7G34290	scaffold_7_RagTag	90.025	401	29	6	1613	2004	24600014	24599616	2.98e-142	508	MN47_v4
AL7G34290	scaffold_7_RagTag	86.683	413	36	6	1613	2009	25917727	25918136	1.1e-121	440	MN47_v4
AL7G34290	scaffold_7_RagTag	74.817	409	86	13	1138	1540	10247991	10248388	5.74e-40	169	MN47_v4
AL7G34290	scaffold_8_RagTag	89.831	354	23	6	1666	2009	2417557	2417207	3.06e-122	442	MN47_v4
AL7G34270	scaffold_7_RagTag	98.518	2159	28	1	1	2159	10029739	10031893	0	3807	Nla.ragtag.scaffold_chr
AL7G34270	scaffold_7_RagTag	96.685	543	6	2	2118	2648	10031891	10032433	0	893	Nla.ragtag.scaffold_chr
AL7G34270	scaffold_7_RagTag	88.174	668	46	17	16	652	10024480	10025145	0	765	Nla.ragtag.scaffold_chr
AL7G34270	scaffold_7_RagTag	91.727	411	32	2	1146	1556	10025628	10026036	1.82e-160	569	Nla.ragtag.scaffold_chr
AL7G34270	scaffold_7_RagTag	95.283	318	10	2	2989	3306	10032848	10033160	2.42e-139	499	Nla.ragtag.scaffold_chr
AL7G34270	scaffold_7_RagTag	96.013	301	7	2	2642	2937	10032551	10032851	6.79e-135	484	Nla.ragtag.scaffold_chr
AL7G34270	scaffold_7_RagTag	82.212	416	66	5	2562	2971	10035535	10035948	7.18e-95	351	Nla.ragtag.scaffold_chr
AL7G34280	scaffold_7_RagTag	96.964	1713	27	11	2	1696	10034522	10036227	0	2852	Nla.ragtag.scaffold_chr
AL7G34280	scaffold_7_RagTag	80.506	395	61	15	56	442	10031507	10031893	2.91e-76	289	Nla.ragtag.scaffold_chr
AL7G34280	scaffold_7_RagTag	89.655	87	8	1	1018	1103	10032347	10032433	2.43e-22	110	Nla.ragtag.scaffold_chr
AL7G34290	scaffold_3_RagTag	96.314	407	8	3	1610	2009	5156926	5157332	0	662	Nla.ragtag.scaffold_chr
AL7G34290	scaffold_3_RagTag	93.253	415	10	4	1613	2009	26531809	26532223	2.14e-168	595	Nla.ragtag.scaffold_chr
AL7G34290	scaffold_7_RagTag	95.11	409	9	4	1613	2010	25037197	25037605	4.54e-180	634	Nla.ragtag.scaffold_chr
AL7G34290	scaffold_7_RagTag	97.546	326	5	3	1686	2009	10023332	10023656	3.64e-156	555	Nla.ragtag.scaffold_chr
AL7G34290	scaffold_7_RagTag	91.791	402	13	5	1613	2009	1369930	1370316	2.83e-152	542	Nla.ragtag.scaffold_chr
AL7G34290	scaffold_7_RagTag	83.816	414	35	7	1612	2009	22746154	22746551	6.58e-99	364	Nla.ragtag.scaffold_chr
AL7G34290	scaffold_7_RagTag	83.575	414	35	8	1612	2009	22776696	22777092	1.1e-96	357	Nla.ragtag.scaffold_chr
AL7G34290	scaffold_7_RagTag	78.632	234	46	4	1286	1517	10032619	10032850	5.57e-35	152	Nla.ragtag.scaffold_chr
AL7G34290	scaffold_7_RagTag	97.674	86	2	0	1613	1698	10023232	10023317	7.21e-34	148	Nla.ragtag.scaffold_chr
AL7G34290	scaffold_4_RagTag	87.828	419	31	5	1613	2012	9254400	9254817	1.05e-131	473	Nla.ragtag.scaffold_chr
AL7G34290	scaffold_6_RagTag	85.888	411	44	9	1612	2013	11708317	11708722	2.97e-117	425	Nla.ragtag.scaffold_chr
AL7G34290	scaffold_1_RagTag	85.956	413	41	6	1614	2012	21429761	21429352	2.97e-117	425	Nla.ragtag.scaffold_chr
AL7G34270	scaffold_7	96.56	3314	57	15	1	3306	9930551	9933815	0	5435	NT1_v2
AL7G34270	scaffold_7	87.592	677	49	18	16	659	9925566	9926240	0	752	NT1_v2
AL7G34270	scaffold_7	92.674	273	19	1	1284	1556	9926344	9926615	4.23e-107	392	NT1_v2
AL7G34270	scaffold_7	77.793	707	109	28	2562	3249	9936160	9936837	4.23e-107	392	NT1_v2
AL7G34270	scaffold_7	74.879	414	86	14	2562	2964	9946102	9946508	6e-41	172	NT1_v2
AL7G34270	scaffold_7	93	100	7	0	1146	1245	9926241	9926340	3.64e-33	147	NT1_v2
AL7G34280	scaffold_7	99.646	1697	5	1	1	1696	9935143	9936839	0	3099	NT1_v2
AL7G34280	scaffold_7	79.267	709	105	24	56	754	9932295	9932971	7.53e-127	457	NT1_v2
AL7G34280	scaffold_7	77.511	707	110	29	1018	1694	9933071	9933758	1.68e-103	379	NT1_v2
AL7G34290	scaffold_7	98.028	1623	16	9	1	1612	9944964	9946581	0	2806	NT1_v2
AL7G34290	scaffold_7	98.596	356	4	1	2010	2365	9946574	9946928	2.11e-178	628	NT1_v2
AL7G34290	scaffold_7	88.753	409	31	6	1613	2009	10299427	10299022	1.35e-135	486	NT1_v2
AL7G34290	scaffold_7	74.817	409	86	13	1138	1540	9933071	9933468	5.54e-40	169	NT1_v2
AL7G34290	scaffold_8	93.735	415	8	3	1613	2009	4515961	4515547	9.9e-172	606	NT1_v2
AL7G34290	scaffold_8	90.652	353	21	6	1666	2009	2969356	2969705	2.93e-127	459	NT1_v2
AL7G34270	scaffold_7_RagTag	96.614	3278	69	11	1	3251	11368649	11371911	0	5400	NT12_v2
AL7G34270	scaffold_7_RagTag	90.299	670	37	13	16	658	11363873	11364541	0	852	NT12_v2
AL7G34270	scaffold_7_RagTag	91.505	412	33	2	1145	1556	11364542	11364951	2.54e-159	566	NT12_v2
AL7G34270	scaffold_7_RagTag	77.171	714	109	31	2562	3249	11374397	11375082	2.76e-99	366	NT12_v2
AL7G34270	scaffold_7_RagTag	74.755	408	86	13	2562	2958	11392566	11392967	3.01e-39	167	NT12_v2
AL7G34280	scaffold_7_RagTag	98.537	1709	11	4	1	1696	11373377	11375084	0	3005	NT12_v2
AL7G34280	scaffold_7_RagTag	78.218	707	110	27	1018	1694	11371217	11371909	1.78e-113	412	NT12_v2
AL7G34290	scaffold_7_RagTag	98.022	1618	11	13	1	1612	11391443	11393045	0	2791	NT12_v2
AL7G34290	scaffold_7_RagTag	95.4	413	8	5	1611	2014	2688830	2689240	0	647	NT12_v2
AL7G34290	scaffold_7_RagTag	99.157	356	2	1	2010	2365	11393038	11393392	0	640	NT12_v2
AL7G34290	scaffold_7_RagTag	94.005	417	8	6	1613	2012	8778504	8778088	1.77e-174	616	NT12_v2
AL7G34290	scaffold_7_RagTag	92.671	423	7	6	1610	2009	14452831	14452410	3.86e-166	588	NT12_v2
AL7G34290	scaffold_7_RagTag	75.061	409	90	10	1138	1540	11371217	11371619	2.75e-43	180	NT12_v2
AL7G34290	scaffold_6_RagTag	95.377	411	5	3	1613	2009	77174	76764	0	641	NT12_v2
AL7G34290	scaffold_4_RagTag	95.169	414	7	3	1613	2013	22076134	22076547	0	641	NT12_v2
AL7G34290	scaffold_4_RagTag	95.396	391	7	5	1628	2009	12997756	12997368	2.29e-173	612	NT12_v2
AL7G34290	scaffold_4_RagTag	92.961	412	13	4	1613	2010	19535905	19536314	1.39e-165	586	NT12_v2
AL7G34290	scaffold_1_RagTag	95.32	406	11	4	1612	2009	27377295	27376890	0	638	NT12_v2
AL7G34290	scaffold_5_RagTag	93.917	411	11	3	1613	2009	22999081	22999491	2.96e-172	608	NT12_v2
AL7G34290	scaffold_3_RagTag	92.402	408	7	4	1613	2010	333977	334370	8.42e-158	560	NT12_v2
AL7G34270	scaffold_7_RagTag	96.523	3279	70	13	1	3251	11084905	11088167	0	5384	NT8_v2_fix
AL7G34270	scaffold_7_RagTag	87.5	672	52	16	16	658	11080137	11080805	0	747	NT8_v2_fix
AL7G34270	scaffold_7_RagTag	91.4	407	33	2	1145	1551	11080806	11081210	1.51e-156	556	NT8_v2_fix
AL7G34270	scaffold_7_RagTag	77.311	714	108	31	2562	3249	11090652	11091337	5.88e-101	372	NT8_v2_fix
AL7G34270	scaffold_7_RagTag	74.879	414	86	14	2562	2964	11108999	11109405	6.4e-41	172	NT8_v2_fix
AL7G34280	scaffold_7_RagTag	98.537	1709	11	4	1	1696	11089632	11091339	0	3005	NT8_v2_fix
AL7G34280	scaffold_7_RagTag	78.076	707	111	27	1018	1694	11087473	11088165	8.21e-112	407	NT8_v2_fix
AL7G34290	scaffold_7_RagTag	98.083	1617	10	13	1	1612	11107878	11109478	0	2795	NT8_v2_fix
AL7G34290	scaffold_7_RagTag	95.631	412	8	5	1611	2014	2672526	2672935	0	652	NT8_v2_fix
AL7G34290	scaffold_7_RagTag	99.438	356	1	1	2010	2365	11109471	11109825	0	645	NT8_v2_fix
AL7G34290	scaffold_7_RagTag	95.355	409	7	3	1613	2009	5723584	5723176	0	640	NT8_v2_fix
AL7G34290	scaffold_7_RagTag	90.531	433	8	5	1610	2009	13893542	13893110	3.02e-152	542	NT8_v2_fix
AL7G34290	scaffold_7_RagTag	74.817	409	91	10	1138	1540	11087473	11087875	1.27e-41	174	NT8_v2_fix
AL7G34290	scaffold_6_RagTag	94.903	412	7	3	1612	2009	2269236	2269647	1.74e-179	632	NT8_v2_fix
AL7G34290	scaffold_6_RagTag	94.431	413	7	4	1613	2010	9861916	9862327	3.77e-176	621	NT8_v2_fix
AL7G34290	scaffold_6_RagTag	83.413	416	33	9	1614	2009	1633895	1634294	1.52e-95	353	NT8_v2_fix
AL7G34290	scaffold_4_RagTag	94.891	411	7	4	1613	2009	2718445	2718855	6.27e-179	630	NT8_v2_fix
AL7G34290	scaffold_8_RagTag	94.66	412	8	4	1613	2010	23452889	23452478	8.11e-178	627	NT8_v2_fix
AL7G34290	scaffold_1_RagTag	92.84	419	7	3	1613	2009	468615	469032	1.38e-165	586	NT8_v2_fix
AL7G34270	scaffold_7_RagTag	96.896	3318	56	25	1	3306	11152823	11156105	0	5513	NT9_v2
AL7G34270	scaffold_7_RagTag	90	670	39	13	16	658	11148056	11148724	0	841	NT9_v2
AL7G34270	scaffold_7_RagTag	91.748	412	32	2	1145	1556	11148725	11149134	5.41e-161	571	NT9_v2
AL7G34270	scaffold_7_RagTag	80.737	706	113	14	1773	2462	11158301	11158999	3.3e-148	529	NT9_v2
AL7G34270	scaffold_7_RagTag	77.343	715	106	33	2562	3249	11159267	11159952	5.89e-101	372	NT9_v2
AL7G34270	scaffold_7_RagTag	74.879	414	86	14	2562	2964	11176888	11177294	6.42e-41	172	NT9_v2
AL7G34280	scaffold_7_RagTag	98.595	1708	11	5	2	1696	11158247	11159954	0	3009	NT9_v2
AL7G34280	scaffold_7_RagTag	80.027	751	125	16	56	798	11154575	11155308	1.3e-149	532	NT9_v2
AL7G34280	scaffold_7_RagTag	77.935	707	110	28	1018	1694	11155364	11156054	1.38e-109	399	NT9_v2
AL7G34290	scaffold_7_RagTag	98.146	1618	10	12	1	1612	11175764	11177367	0	2804	NT9_v2
AL7G34290	scaffold_7_RagTag	99.16	357	2	1	2010	2365	11177360	11177716	0	641	NT9_v2
AL7G34290	scaffold_7_RagTag	94.891	411	6	5	1613	2010	3593471	3593063	2.26e-178	628	NT9_v2
AL7G34290	scaffold_7_RagTag	93.112	421	8	4	1610	2009	14071408	14070988	6.37e-169	597	NT9_v2
AL7G34290	scaffold_7_RagTag	74.572	409	90	11	1138	1540	11155364	11155764	2.13e-39	167	NT9_v2
AL7G34290	scaffold_2_RagTag	95.122	410	6	3	1613	2009	21418873	21419281	4.85e-180	634	NT9_v2
AL7G34290	scaffold_8_RagTag	94.915	413	6	3	1613	2010	22552849	22552437	1.75e-179	632	NT9_v2
AL7G34290	scaffold_1_RagTag	93.462	413	14	3	1609	2009	23420035	23420446	4.92e-170	601	NT9_v2
AL7G34290	scaffold_4_RagTag	97.859	327	3	4	1686	2009	23438587	23438912	2.32e-158	562	NT9_v2
AL7G34290	scaffold_4_RagTag	97.701	87	1	1	1613	1698	23438470	23438556	7.71e-34	148	NT9_v2
AL7G34290	scaffold_3_RagTag	90.931	419	15	4	1613	2009	19520840	19520423	3.03e-152	542	NT9_v2
AL7G34270	scaffold_7	96.227	3313	67	27	1	3306	11044154	11047415	0	5373	PU6_v3_fin
AL7G34270	scaffold_7	87.5	680	47	19	16	659	11038776	11039453	0	750	PU6_v3_fin
AL7G34270	scaffold_7	80.818	709	107	12	1773	2462	11048888	11049586	3.29e-148	529	PU6_v3_fin
AL7G34270	scaffold_7	92.647	272	19	1	1284	1555	11039557	11039827	1.62e-106	390	PU6_v3_fin
AL7G34270	scaffold_7	77.171	714	108	31	2562	3249	11049855	11050539	9.8e-99	364	PU6_v3_fin
AL7G34270	scaffold_7	74.879	414	86	14	2562	2964	11069163	11069569	6.38e-41	172	PU6_v3_fin
AL7G34270	scaffold_7	93	100	7	0	1146	1245	11039454	11039553	3.87e-33	147	PU6_v3_fin
AL7G34280	scaffold_7	98.13	1711	14	8	2	1696	11048833	11050541	0	2966	PU6_v3_fin
AL7G34280	scaffold_7	76.312	705	103	33	1018	1694	11046695	11047363	3.94e-85	318	PU6_v3_fin
AL7G34290	scaffold_7	98.207	1617	12	10	1	1612	11068038	11069642	0	2809	PU6_v3_fin
AL7G34290	scaffold_7	95.813	406	8	2	1613	2009	7333710	7334115	0	647	PU6_v3_fin
AL7G34290	scaffold_7	99.16	357	2	1	2010	2365	11069635	11069991	0	641	PU6_v3_fin
AL7G34290	scaffold_7	95.146	412	6	3	1613	2010	624545	624956	0	638	PU6_v3_fin
AL7G34290	scaffold_7	95.332	407	9	3	1613	2009	16217608	16218014	0	638	PU6_v3_fin
AL7G34290	scaffold_7	87.879	132	16	0	1409	1540	11046945	11047076	4.58e-36	156	PU6_v3_fin
AL7G34290	scaffold_1	95.285	403	13	3	1613	2009	8752805	8753207	4.83e-180	634	PU6_v3_fin
AL7G34290	scaffold_1	94.647	411	10	4	1610	2009	7069713	7070122	8.08e-178	627	PU6_v3_fin
AL7G34290	scaffold_1	97.554	327	6	2	1686	2010	15158633	15158307	2.99e-157	558	PU6_v3_fin
AL7G34290	scaffold_1	96.512	86	3	0	1613	1698	15164227	15164142	3.57e-32	143	PU6_v3_fin
AL7G34290	scaffold_3	94.903	412	6	5	1613	2009	3807156	3807567	6.24e-179	630	PU6_v3_fin
AL7G34290	scaffold_3	93.12	407	5	4	1613	2010	21697636	21697244	2.97e-162	575	PU6_v3_fin
AL7G34290	scaffold_3	86.441	413	37	6	1613	2009	1516319	1516728	5.25e-120	435	PU6_v3_fin
AL7G34290	scaffold_8	89.888	356	21	6	1666	2009	2619271	2619623	8.73e-123	444	PU6_v3_fin
AL7G34290	scaffold_8	96.61	177	3	2	1818	1993	11386330	11386504	1.2e-76	291	PU6_v3_fin
AL7G34290	scaffold_8	85.892	241	10	10	1610	1835	11385420	11385651	5.72e-60	235	PU6_v3_fin
AL7G34270	scaffold_7_RagTag	97.073	1640	28	7	1680	3306	11022166	11023798	0	2745	TE11_v2
AL7G34270	scaffold_7_RagTag	97.309	1598	30	6	1	1588	11020550	11022144	0	2700	TE11_v2
AL7G34270	scaffold_7_RagTag	88.262	673	46	17	16	659	11015451	11016119	0	774	TE11_v2
AL7G34270	scaffold_7_RagTag	92.308	273	20	1	1284	1556	11016223	11016494	2.07e-105	387	TE11_v2
AL7G34270	scaffold_7_RagTag	82.692	416	64	5	2562	2971	11026223	11026636	3.49e-98	363	TE11_v2
AL7G34270	scaffold_7_RagTag	93	100	7	0	1146	1245	11016120	11016219	3.82e-33	147	TE11_v2
AL7G34280	scaffold_7_RagTag	96.108	1696	42	11	18	1696	11025226	11026914	0	2745	TE11_v2
AL7G34280	scaffold_7_RagTag	80.826	751	127	16	56	798	11022263	11023004	7.53e-162	573	TE11_v2
AL7G34280	scaffold_7_RagTag	77.652	707	109	29	1018	1694	11023060	11023747	3.79e-105	385	TE11_v2
AL7G34280	scaffold_7_RagTag	97.436	39	1	0	1	39	11025173	11025211	1.56e-09	67.6	TE11_v2
AL7G34290	scaffold_5_RagTag	96.526	403	7	4	1613	2009	2450616	2450215	0	660	TE11_v2
AL7G34290	scaffold_3_RagTag	96.069	407	6	4	1613	2010	1393203	1393608	0	654	TE11_v2
AL7G34290	scaffold_3_RagTag	95.62	411	8	4	1609	2010	24974689	24974280	0	651	TE11_v2
AL7G34290	scaffold_2_RagTag	96.078	408	5	3	1613	2009	8428406	8427999	0	654	TE11_v2
AL7G34290	scaffold_4_RagTag	95.146	412	5	3	1613	2009	2173775	2173364	1.33e-180	636	TE11_v2
AL7G34290	scaffold_8_RagTag	94.903	412	9	4	1613	2013	4477604	4477194	4.77e-180	634	TE11_v2
AL7G34290	scaffold_8_RagTag	97.568	329	4	4	1686	2010	24190819	24190491	8.22e-158	560	TE11_v2
AL7G34290	scaffold_8_RagTag	95.294	85	4	0	1613	1697	24190918	24190834	5.9e-30	135	TE11_v2
AL7G34290	scaffold_7_RagTag	94.699	415	9	5	1611	2014	2710813	2711225	1.72e-179	632	TE11_v2
AL7G34290	scaffold_7_RagTag	76.675	403	89	5	1138	1538	11026223	11026622	5.7e-55	219	TE11_v2
AL7G34290	scaffold_7_RagTag	74.572	409	87	13	1138	1540	11023060	11023457	2.71e-38	163	TE11_v2
AL7G34290	scaffold_1_RagTag	95.086	407	10	3	1613	2009	8089758	8089352	1.72e-179	632	TE11_v2
AL7G34290	scaffold_1_RagTag	93.187	411	17	3	1609	2009	24429437	24429846	8.1e-168	593	TE11_v2
AL7G34290	scaffold_1_RagTag	92.961	412	17	3	1609	2009	24387454	24387864	1.05e-166	590	TE11_v2
AL7G34290	scaffold_1_RagTag	99.251	267	1	1	1744	2009	10131857	10131591	6.58e-134	481	TE11_v2
AL7G34290	scaffold_1_RagTag	96.552	87	2	1	1613	1698	10131960	10131874	3.53e-32	143	TE11_v2
AL7G34290	scaffold_6_RagTag	86.183	427	36	9	1604	2009	1780865	1781289	1.12e-121	440	TE11_v2
AL7G34270	scaffold_7_RagTag:1-29301300	97.032	3336	52	17	1	3306	10931520	10934838	0	5568	TE4_v1
AL7G34270	scaffold_7_RagTag:1-29301300	87.351	672	54	17	16	658	10926755	10927424	0	741	TE4_v1
AL7G34270	scaffold_7_RagTag:1-29301300	91.019	412	33	3	1145	1556	10927425	10927832	1.95e-155	553	TE4_v1
AL7G34270	scaffold_7_RagTag:1-29301300	82.692	416	64	5	2562	2971	10937262	10937675	3.53e-98	363	TE4_v1
AL7G34280	scaffold_7_RagTag:1-29301300	96.108	1696	42	11	18	1696	10936265	10937953	0	2745	TE4_v1
AL7G34280	scaffold_7_RagTag:1-29301300	80.611	753	125	17	56	798	10933303	10934044	1.65e-158	562	TE4_v1
AL7G34280	scaffold_7_RagTag:1-29301300	77.652	707	109	29	1018	1694	10934100	10934787	3.84e-105	385	TE4_v1
AL7G34280	scaffold_7_RagTag:1-29301300	97.436	39	1	0	1	39	10936213	10936251	1.58e-09	67.6	TE4_v1
AL7G34290	scaffold_7_RagTag:1-29301300	96.088	409	7	3	1610	2009	13909953	13909545	0	658	TE4_v1
AL7G34290	scaffold_7_RagTag:1-29301300	93.269	416	12	3	1613	2012	5516455	5516040	1.76e-169	599	TE4_v1
AL7G34290	scaffold_7_RagTag:1-29301300	76.675	403	89	5	1138	1538	10937262	10937661	5.77e-55	219	TE4_v1
AL7G34290	scaffold_7_RagTag:1-29301300	74.572	409	87	13	1138	1540	10934100	10934497	2.74e-38	163	TE4_v1
AL7G34290	scaffold_5_RagTag:29852-15762170	96.04	404	7	3	1613	2009	3225550	3225951	0	649	TE4_v1
AL7G34290	scaffold_5_RagTag:29852-15762170	95.366	410	8	4	1612	2010	17794167	17793758	0	641	TE4_v1
AL7G34290	scaffold_3_RagTag:1-25320414	95.556	405	10	3	1613	2009	24317019	24316615	0	641	TE4_v1
AL7G34290	scaffold_8_RagTag:237858-24797477	95.355	409	8	1	1613	2010	24188966	24188558	0	640	TE4_v1
AL7G34290	scaffold_2_RagTag:113346-24308598	95.11	409	9	3	1612	2009	15253375	15252967	4.84e-180	634	TE4_v1
AL7G34290	scaffold_1_RagTag:94989-32092331	95.086	407	10	3	1613	2009	8049963	8049557	1.74e-179	632	TE4_v1
AL7G34290	scaffold_1_RagTag:94989-32092331	99.251	267	1	1	1744	2009	10080494	10080228	6.67e-134	481	TE4_v1
AL7G34290	scaffold_1_RagTag:94989-32092331	96.552	87	2	1	1613	1698	10080597	10080511	3.57e-32	143	TE4_v1
AL7G34290	scaffold_4_RagTag:329527-26177039	95.443	395	6	3	1627	2009	6775724	6776118	1.35e-175	619	TE4_v1
AL7G34290	scaffold_6_RagTag:0-26949342	83.447	441	37	10	1604	2009	1805374	1805813	9e-103	377	TE4_v1
AL7G34270	scaffold_7_RagTag:0-28571223	96.604	3327	60	25	1	3306	10652415	10655709	0	5469	TE8_v1
AL7G34270	scaffold_7_RagTag:0-28571223	87.798	672	51	17	16	658	10647281	10647950	0	758	TE8_v1
AL7G34270	scaffold_7_RagTag:0-28571223	91.505	412	34	1	1145	1556	10647951	10648361	2.5e-159	566	TE8_v1
AL7G34270	scaffold_7_RagTag:0-28571223	77.311	714	108	31	2562	3249	10658324	10659009	5.84e-101	372	TE8_v1
AL7G34270	scaffold_7_RagTag:0-28571223	74.879	414	86	14	2562	2964	10678163	10678569	6.36e-41	172	TE8_v1
AL7G34280	scaffold_7_RagTag:0-28571223	98.422	1711	11	5	1	1696	10657302	10659011	0	2996	TE8_v1
AL7G34280	scaffold_7_RagTag:0-28571223	81.754	707	113	15	56	754	10654168	10654866	5.87e-163	577	TE8_v1
AL7G34280	scaffold_7_RagTag:0-28571223	78.218	707	110	27	1018	1694	10654966	10655658	1.75e-113	412	TE8_v1
AL7G34290	scaffold_7_RagTag:0-28571223	97.84	1620	12	14	1	1612	10677038	10678642	0	2776	TE8_v1
AL7G34290	scaffold_7_RagTag:0-28571223	95.62	411	7	3	1610	2009	13624105	13623695	0	649	TE8_v1
AL7G34290	scaffold_7_RagTag:0-28571223	95.355	409	7	2	1613	2009	6991009	6991417	0	640	TE8_v1
AL7G34290	scaffold_7_RagTag:0-28571223	99.157	356	2	1	2010	2365	10678635	10678989	0	640	TE8_v1
AL7G34290	scaffold_7_RagTag:0-28571223	75.061	409	90	10	1138	1540	10654966	10655368	2.71e-43	180	TE8_v1
AL7G34290	scaffold_1_RagTag:13975-33400674	96.078	408	6	4	1611	2009	31034142	31034548	0	656	TE8_v1
AL7G34290	scaffold_1_RagTag:13975-33400674	95.588	408	7	4	1613	2009	9995982	9995575	0	643	TE8_v1
AL7G34290	scaffold_1_RagTag:13975-33400674	94.915	413	8	3	1610	2009	6980679	6981091	4.81e-180	634	TE8_v1
AL7G34290	scaffold_1_RagTag:13975-33400674	93.674	411	15	3	1609	2009	25176975	25177384	3.77e-171	604	TE8_v1
AL7G34290	scaffold_1_RagTag:13975-33400674	91.315	426	7	6	1613	2009	587842	588266	3.85e-156	555	TE8_v1
AL7G34290	scaffold_3_RagTag:1-26654334	95.833	408	6	4	1613	2010	11535358	11534952	0	649	TE8_v1
AL7G34290	scaffold_4_RagTag:825599-25061996	95.577	407	8	2	1613	2009	2911343	2911749	0	643	TE8_v1
AL7G34290	scaffold_6_RagTag:0-26335035	94.952	416	8	3	1611	2013	695938	695523	0	640	TE8_v1
AL7G34290	scaffold_6_RagTag:0-26335035	87.835	411	34	5	1613	2009	2941895	2941487	5.16e-130	468	TE8_v1
AL7G34290	scaffold_6_RagTag:0-26335035	87.264	424	35	8	1604	2009	1762636	1763058	1.86e-129	466	TE8_v1
AL7G34290	scaffold_8_RagTag:0-24591694	95.332	407	9	3	1613	2009	19603894	19604300	0	638	TE8_v1
AL7G34290	scaffold_8_RagTag:0-24591694	94.444	414	7	3	1613	2010	24250122	24249709	1.04e-176	623	TE8_v1
AL7G34290	scaffold_8_RagTag:0-24591694	90.141	355	21	6	1666	2009	2732372	2732723	1.87e-124	449	TE8_v1
AL7G34290	scaffold_2_RagTag:0-23605790	94.647	411	7	4	1613	2009	22633720	22634129	1.04e-176	623	TE8_v1
AL7G34270	scaffold_7_RagTag	96.714	3317	60	24	1	3306	10976842	10980120	0	5476	WS1_v2_s
AL7G34270	scaffold_7_RagTag	88.095	672	49	16	16	658	10972076	10972745	0	769	WS1_v2_s
AL7G34270	scaffold_7_RagTag	91.748	412	31	3	1145	1556	10972746	10973154	1.87e-160	569	WS1_v2_s
AL7G34270	scaffold_7_RagTag	77.935	707	107	29	2562	3249	10982712	10983388	3.36e-108	396	WS1_v2_s
AL7G34280	scaffold_7_RagTag	98.645	1698	17	5	1	1696	10981697	10983390	0	3003	WS1_v2_s
AL7G34280	scaffold_7_RagTag	79.893	751	126	16	56	798	10978589	10979322	5.81e-148	527	WS1_v2_s
AL7G34280	scaffold_7_RagTag	78.076	707	111	26	1018	1694	10979378	10980070	7.89e-112	407	WS1_v2_s
AL7G34290	scaffold_1_RagTag	95.355	409	8	4	1612	2009	4974093	4973685	0	640	WS1_v2_s
AL7G34290	scaffold_1_RagTag	95.157	413	7	3	1613	2012	15586184	15585772	0	640	WS1_v2_s
AL7G34290	scaffold_1_RagTag	95.134	411	9	4	1610	2009	6784559	6784969	0	638	WS1_v2_s
AL7G34290	scaffold_1_RagTag	97.576	330	2	4	1686	2010	7634598	7634926	8.02e-158	560	WS1_v2_s
AL7G34290	scaffold_1_RagTag	96.629	89	3	0	1610	1698	7634493	7634581	7.4e-34	148	WS1_v2_s
AL7G34290	scaffold_3_RagTag	93.734	399	10	7	1613	2009	2172809	2173194	4.76e-165	584	WS1_v2_s
AL7G34290	scaffold_8_RagTag	88.361	421	33	8	1607	2016	12149320	12149735	2.97e-137	492	WS1_v2_s
AL7G34290	scaffold_8_RagTag	90.423	355	21	5	1666	2009	2659661	2660013	3.89e-126	455	WS1_v2_s
AL7G34290	scaffold_6_RagTag	87.204	422	36	9	1604	2009	1699326	1699745	6.47e-129	464	WS1_v2_s
AL7G34290	scaffold_7_RagTag	96.68	241	4	2	2125	2362	10989462	10989701	6.66e-109	398	WS1_v2_s
AL7G34290	scaffold_7_RagTag	74.572	409	92	10	1138	1540	10979378	10979780	5.68e-40	169	WS1_v2_s
