qseqid	sseqid	pident	length	mismatch	gapopen	qstart	qend	sstart	send	evalue	bitscore	stitle
AL1G35130	scaffold_1_RagTag	100	330	0	0	1	330	9499286	9499615	1.03e-173	610	73_3a_fixed_genome_15_1_24
AL1G35140	scaffold_1_RagTag	96.341	328	12	0	1	328	9501443	9501770	1.36e-152	540	73_3a_fixed_genome_15_1_24
AL1G35140	scaffold_8_RagTag	94.512	328	18	0	1	328	17408390	17408063	1.38e-142	507	73_3a_fixed_genome_15_1_24
AL1G35260	scaffold_1_RagTag	97.256	328	9	0	1	328	9501443	9501770	1.35e-157	556	73_3a_fixed_genome_15_1_24
AL1G35260	scaffold_8_RagTag	95.427	328	15	0	1	328	17408390	17408063	1.37e-147	523	73_3a_fixed_genome_15_1_24
AL1G35270	scaffold_1_RagTag	92.996	257	10	6	1	254	9499295	9499546	6.65e-101	368	73_3a_fixed_genome_15_1_24
AL1G35270	scaffold_1_RagTag	88.67	203	14	7	111	310	9501562	9501758	5.44e-62	239	73_3a_fixed_genome_15_1_24
AL1G35270	scaffold_8_RagTag	88.108	185	19	1	138	322	17408244	17408063	2.55e-55	217	73_3a_fixed_genome_15_1_24
AL1G35280	scaffold_1_RagTag	98.78	328	4	0	1	328	9501443	9501770	6.19e-166	584	73_3a_fixed_genome_15_1_24
AL1G35280	scaffold_8_RagTag	95.732	328	14	0	1	328	17408390	17408063	2.94e-149	529	73_3a_fixed_genome_15_1_24
AL1G35130	scaffold_1_RagTag	100	330	0	0	1	330	9398796	9399125	9.42e-174	610	AL08_v2_f
AL1G35140	scaffold_1_RagTag	96.951	328	10	0	1	328	9400670	9400997	5.76e-156	551	AL08_v2_f
AL1G35140	scaffold_1_RagTag	96.341	328	12	0	1	328	9405384	9405711	1.25e-152	540	AL08_v2_f
AL1G35260	scaffold_1_RagTag	97.256	328	9	0	1	328	9405384	9405711	1.24e-157	556	AL08_v2_f
AL1G35260	scaffold_1_RagTag	96.037	328	13	0	1	328	9400670	9400997	5.8e-151	534	AL08_v2_f
AL1G35270	scaffold_1_RagTag	92.996	257	10	6	1	254	9398805	9399056	6.1e-101	368	AL08_v2_f
AL1G35270	scaffold_1_RagTag	88.67	203	14	7	111	310	9405503	9405699	4.99e-62	239	AL08_v2_f
AL1G35270	scaffold_1_RagTag	90.96	177	13	1	146	322	9400824	9400997	6.45e-61	235	AL08_v2_f
AL1G35280	scaffold_1_RagTag	98.78	328	4	0	1	328	9405384	9405711	5.67e-166	584	AL08_v2_f
AL1G35280	scaffold_1_RagTag	95.732	328	14	0	1	328	9400670	9400997	2.7e-149	529	AL08_v2_f
AL1G35130	scaffold_1_RagTag	98.788	330	4	0	1	330	10655751	10656080	4.92e-167	588	al1_v2_s
AL1G35140	scaffold_1_RagTag	96.341	328	12	0	1	328	10664555	10664882	1.39e-152	540	al1_v2_s
AL1G35140	scaffold_1_RagTag	95.732	328	14	0	1	328	10659239	10659566	3e-149	529	al1_v2_s
AL1G35260	scaffold_1_RagTag	97.256	328	9	0	1	328	10664555	10664882	1.38e-157	556	al1_v2_s
AL1G35260	scaffold_1_RagTag	94.817	328	17	0	1	328	10659239	10659566	3.03e-144	512	al1_v2_s
AL1G35270	scaffold_1_RagTag	92.218	257	12	6	1	254	10655760	10656011	1.47e-97	357	al1_v2_s
AL1G35270	scaffold_1_RagTag	88.372	215	16	7	111	322	10664674	10664882	2.57e-65	250	al1_v2_s
AL1G35270	scaffold_1_RagTag	87.442	215	18	7	111	322	10659358	10659566	5.56e-62	239	al1_v2_s
AL1G35280	scaffold_1_RagTag	99.39	328	2	0	1	328	10664555	10664882	2.92e-169	595	al1_v2_s
AL1G35280	scaffold_1_RagTag	96.341	328	12	0	1	328	10659239	10659566	1.39e-152	540	al1_v2_s
AL1G35130	scaffold_1_RagTag	99.394	330	2	0	1	330	9433616	9433945	2.05e-170	599	AL27_v1
AL1G35140	scaffold_1_RagTag	99.085	328	3	0	1	328	9435492	9435819	1.23e-167	590	AL27_v1
AL1G35140	scaffold_1_RagTag	96.951	328	10	0	1	328	9437849	9438176	5.78e-156	551	AL27_v1
AL1G35260	scaffold_1_RagTag	96.341	328	12	0	1	328	9435492	9435819	1.25e-152	540	AL27_v1
AL1G35260	scaffold_1_RagTag	95.427	328	15	0	1	328	9437849	9438176	1.26e-147	523	AL27_v1
AL1G35270	scaffold_1_RagTag	92.549	255	11	6	3	254	9433627	9433876	3.69e-98	359	AL27_v1
AL1G35270	scaffold_1_RagTag	87.85	214	19	5	111	322	9435611	9435819	1.08e-63	244	AL27_v1
AL1G35270	scaffold_1_RagTag	87.624	202	18	5	111	310	9437968	9438164	1.09e-58	228	AL27_v1
AL1G35280	scaffold_1_RagTag	96.341	328	12	0	1	328	9437849	9438176	1.25e-152	540	AL27_v1
AL1G35280	scaffold_1_RagTag	96.037	328	13	0	1	328	9435492	9435819	5.83e-151	534	AL27_v1
AL1G35130	scaffold_1	99.394	330	2	0	1	330	10011739	10011410	2.21e-170	599	ALR.ragtag.scaffold_chr_15_1_24.masked
AL1G35140	scaffold_1	96.646	328	11	0	1	328	10004014	10003687	2.9e-154	545	ALR.ragtag.scaffold_chr_15_1_24.masked
AL1G35140	scaffold_1	97.297	185	5	0	144	328	10008881	10008697	8.9e-85	315	ALR.ragtag.scaffold_chr_15_1_24.masked
AL1G35140	scaffold_1	92.857	154	11	0	1	154	10009315	10009162	1.54e-57	224	ALR.ragtag.scaffold_chr_15_1_24.masked
AL1G35260	scaffold_1	95.732	328	14	0	1	328	10004014	10003687	2.92e-149	529	ALR.ragtag.scaffold_chr_15_1_24.masked
AL1G35260	scaffold_1	95.135	185	9	0	144	328	10008881	10008697	4.17e-78	292	ALR.ragtag.scaffold_chr_15_1_24.masked
AL1G35260	scaffold_1	94.156	154	9	0	1	154	10009315	10009162	7.13e-61	235	ALR.ragtag.scaffold_chr_15_1_24.masked
AL1G35270	scaffold_1	92.607	257	11	6	1	254	10011730	10011479	3.07e-99	363	ALR.ragtag.scaffold_chr_15_1_24.masked
AL1G35270	scaffold_1	90.27	185	15	1	138	322	10008878	10008697	5.4e-62	239	ALR.ragtag.scaffold_chr_15_1_24.masked
AL1G35270	scaffold_1	86.449	214	22	5	111	322	10003895	10003687	1.17e-58	228	ALR.ragtag.scaffold_chr_15_1_24.masked
AL1G35280	scaffold_1	96.646	328	11	0	1	328	10004014	10003687	2.9e-154	545	ALR.ragtag.scaffold_chr_15_1_24.masked
AL1G35280	scaffold_1	97.297	185	5	0	144	328	10008881	10008697	8.9e-85	315	ALR.ragtag.scaffold_chr_15_1_24.masked
AL1G35280	scaffold_1	94.805	154	8	0	1	154	10009315	10009162	1.53e-62	241	ALR.ragtag.scaffold_chr_15_1_24.masked
AL1G35130	scaffold_1_RagTag	99.394	330	2	0	1	330	10181033	10181362	2.26e-170	599	BAM12_v2
AL1G35140	scaffold_1_RagTag	96.646	328	11	0	1	328	10185482	10185809	2.97e-154	545	BAM12_v2
AL1G35140	scaffold_1_RagTag	96.341	328	12	0	1	328	10182897	10183224	1.38e-152	540	BAM12_v2
AL1G35140	scaffold_8_RagTag	94.817	328	17	0	1	328	15978874	15979201	3.01e-144	512	BAM12_v2
AL1G35260	scaffold_8_RagTag	95.732	328	14	0	1	328	15978874	15979201	2.99e-149	529	BAM12_v2
AL1G35260	scaffold_1_RagTag	95.732	328	14	0	1	328	10185482	10185809	2.99e-149	529	BAM12_v2
AL1G35260	scaffold_1_RagTag	95.427	328	15	0	1	328	10182897	10183224	1.39e-147	523	BAM12_v2
AL1G35270	scaffold_1_RagTag	92.607	257	11	6	1	254	10181042	10181293	3.15e-99	363	BAM12_v2
AL1G35270	scaffold_1_RagTag	87.907	215	17	7	111	322	10185601	10185809	1.19e-63	244	BAM12_v2
AL1G35270	scaffold_1_RagTag	90.395	177	14	1	146	322	10183051	10183224	3.33e-59	230	BAM12_v2
AL1G35270	scaffold_8_RagTag	86.7	203	18	7	111	310	15978993	15979189	2.59e-55	217	BAM12_v2
AL1G35280	scaffold_1_RagTag	97.866	328	7	0	1	328	10185482	10185809	6.34e-161	568	BAM12_v2
AL1G35280	scaffold_1_RagTag	95.122	328	16	0	1	328	10182897	10183224	6.48e-146	518	BAM12_v2
AL1G35280	scaffold_8_RagTag	96.037	328	13	0	1	328	15978874	15979201	6.43e-151	534	BAM12_v2
AL1G35130	scaffold_1_RagTag:0-28294041	99.394	330	2	0	1	330	9572519	9572848	2.08e-170	599	BOR_v1
AL1G35140	scaffold_1_RagTag:0-28294041	97.561	328	8	0	1	328	9574406	9574733	2.71e-159	562	BOR_v1
AL1G35140	scaffold_1_RagTag:0-28294041	96.951	328	10	0	1	328	9580024	9580351	5.86e-156	551	BOR_v1
AL1G35140	scaffold_8_RagTag:0-21093757	90.667	75	7	0	1	75	15905728	15905802	2.55e-20	100	BOR_v1
AL1G35260	scaffold_1_RagTag:0-28294041	96.646	328	11	0	1	328	9574406	9574733	2.72e-154	545	BOR_v1
AL1G35260	scaffold_1_RagTag:0-28294041	94.817	328	17	0	1	328	9580024	9580351	2.76e-144	512	BOR_v1
AL1G35270	scaffold_1_RagTag:0-28294041	92.607	257	11	6	1	254	9572528	9572779	2.89e-99	363	BOR_v1
AL1G35270	scaffold_1_RagTag:0-28294041	87.442	215	18	7	111	322	9574525	9574733	5.08e-62	239	BOR_v1
AL1G35270	scaffold_1_RagTag:0-28294041	87.5	208	19	5	111	316	9580143	9580345	2.36e-60	233	BOR_v1
AL1G35280	scaffold_1_RagTag:0-28294041	96.341	328	12	0	1	328	9574406	9574733	1.27e-152	540	BOR_v1
AL1G35280	scaffold_1_RagTag:0-28294041	95.732	328	14	0	1	328	9580024	9580351	2.74e-149	529	BOR_v1
AL1G35280	scaffold_8_RagTag:0-21093757	90.667	75	7	0	1	75	15905728	15905802	2.55e-20	100	BOR_v1
AL1G35130	scaffold_1_RagTag	100	330	0	0	1	330	10784806	10785135	1e-173	610	F1-14.ragtag.scaffold_chr
AL1G35140	scaffold_1_RagTag	96.341	328	12	0	1	328	10789127	10789454	1.33e-152	540	F1-14.ragtag.scaffold_chr
AL1G35140	scaffold_1_RagTag	95.427	328	15	0	1	328	10786664	10786991	1.34e-147	523	F1-14.ragtag.scaffold_chr
AL1G35140	scaffold_8_RagTag	94.512	328	18	0	1	328	17146030	17145703	1.35e-142	507	F1-14.ragtag.scaffold_chr
AL1G35260	scaffold_1_RagTag	97.256	328	9	0	1	328	10789127	10789454	1.32e-157	556	F1-14.ragtag.scaffold_chr
AL1G35260	scaffold_1_RagTag	94.512	328	18	0	1	328	10786664	10786991	1.35e-142	507	F1-14.ragtag.scaffold_chr
AL1G35260	scaffold_8_RagTag	95.427	328	15	0	1	328	17146030	17145703	1.34e-147	523	F1-14.ragtag.scaffold_chr
AL1G35270	scaffold_1_RagTag	92.996	257	10	6	1	254	10784815	10785066	6.5e-101	368	F1-14.ragtag.scaffold_chr
AL1G35270	scaffold_1_RagTag	88.67	203	14	7	111	310	10789246	10789442	5.31e-62	239	F1-14.ragtag.scaffold_chr
AL1G35270	scaffold_1_RagTag	86.977	215	19	7	111	322	10786783	10786991	2.47e-60	233	F1-14.ragtag.scaffold_chr
AL1G35270	scaffold_8_RagTag	88.108	185	19	1	138	322	17145884	17145703	2.49e-55	217	F1-14.ragtag.scaffold_chr
AL1G35280	scaffold_1_RagTag	98.78	328	4	0	1	328	10789127	10789454	6.04e-166	584	F1-14.ragtag.scaffold_chr
AL1G35280	scaffold_1_RagTag	96.037	328	13	0	1	328	10786664	10786991	6.17e-151	534	F1-14.ragtag.scaffold_chr
AL1G35280	scaffold_8_RagTag	95.732	328	14	0	1	328	17146030	17145703	2.87e-149	529	F1-14.ragtag.scaffold_chr
AL1G35130	scaffold_1_RagTag	98.485	330	5	0	1	330	9585486	9585815	2.16e-165	582	KN003hexa_v0
AL1G35130	scaffold_1_RagTag	92.857	266	11	6	1	261	9644744	9645006	3.04e-104	379	KN003hexa_v0
AL1G35130	scaffold_1_RagTag	92.857	266	11	6	1	261	9709292	9709554	3.04e-104	379	KN003hexa_v0
AL1G35130	scaffold_1_RagTag	89.163	203	18	1	1	199	9641575	9641777	2.49e-65	250	KN003hexa_v0
AL1G35130	scaffold_1_RagTag	89.163	203	18	1	1	199	9706127	9706329	2.49e-65	250	KN003hexa_v0
AL1G35140	scaffold_1_RagTag	97.59	332	4	1	1	328	9587361	9587692	2.16e-160	566	KN003hexa_v0
AL1G35140	scaffold_1_RagTag	96.646	328	11	0	1	328	9589725	9590052	2.82e-154	545	KN003hexa_v0
AL1G35140	scaffold_1_RagTag	96.646	328	11	0	1	328	9643049	9643376	2.82e-154	545	KN003hexa_v0
AL1G35140	scaffold_1_RagTag	96.646	328	11	0	1	328	9707601	9707928	2.82e-154	545	KN003hexa_v0
AL1G35140	scaffold_1_RagTag	95.732	328	14	0	1	328	9655477	9655804	2.84e-149	529	KN003hexa_v0
AL1G35140	scaffold_1_RagTag	95.732	328	14	0	1	328	9720027	9720354	2.84e-149	529	KN003hexa_v0
AL1G35140	scaffold_1_RagTag	87.5	208	19	5	120	322	9644863	9645068	2.49e-60	233	KN003hexa_v0
AL1G35140	scaffold_1_RagTag	87.5	208	19	5	120	322	9709411	9709616	2.49e-60	233	KN003hexa_v0
AL1G35260	scaffold_1_RagTag	100	328	0	0	1	328	9643049	9643376	1.27e-172	606	KN003hexa_v0
AL1G35260	scaffold_1_RagTag	100	328	0	0	1	328	9707601	9707928	1.27e-172	606	KN003hexa_v0
AL1G35260	scaffold_1_RagTag	96.646	328	11	0	1	328	9655477	9655804	2.82e-154	545	KN003hexa_v0
AL1G35260	scaffold_1_RagTag	96.646	328	11	0	1	328	9720027	9720354	2.82e-154	545	KN003hexa_v0
AL1G35260	scaffold_1_RagTag	94.88	332	13	3	1	328	9587361	9587692	2.21e-145	516	KN003hexa_v0
AL1G35260	scaffold_1_RagTag	94.512	328	18	0	1	328	9589725	9590052	1.33e-142	507	KN003hexa_v0
AL1G35260	scaffold_1_RagTag	87.192	203	17	7	120	316	9644863	9645062	5.39e-57	222	KN003hexa_v0
AL1G35260	scaffold_1_RagTag	87.192	203	17	7	120	316	9709411	9709610	5.39e-57	222	KN003hexa_v0
AL1G35270	scaffold_1_RagTag	99.689	322	1	0	1	322	9644753	9645074	1.26e-167	590	KN003hexa_v0
AL1G35270	scaffold_1_RagTag	99.689	322	1	0	1	322	9709301	9709622	1.26e-167	590	KN003hexa_v0
AL1G35270	scaffold_1_RagTag	91.44	257	14	6	1	254	9585495	9585746	3e-94	346	KN003hexa_v0
AL1G35270	scaffold_1_RagTag	88.372	215	16	7	111	322	9655596	9655804	2.42e-65	250	KN003hexa_v0
AL1G35270	scaffold_1_RagTag	88.372	215	16	7	111	322	9720146	9720354	2.42e-65	250	KN003hexa_v0
AL1G35270	scaffold_1_RagTag	87.85	214	19	5	111	322	9587484	9587692	1.13e-63	244	KN003hexa_v0
AL1G35270	scaffold_1_RagTag	86.916	214	21	5	111	322	9589844	9590052	2.44e-60	233	KN003hexa_v0
AL1G35270	scaffold_1_RagTag	87.685	203	16	7	111	310	9643168	9643364	1.14e-58	228	KN003hexa_v0
AL1G35270	scaffold_1_RagTag	87.685	203	16	7	111	310	9707720	9707916	1.14e-58	228	KN003hexa_v0
AL1G35280	scaffold_1_RagTag	100	328	0	0	1	328	9655477	9655804	1.27e-172	606	KN003hexa_v0
AL1G35280	scaffold_1_RagTag	100	328	0	0	1	328	9720027	9720354	1.27e-172	606	KN003hexa_v0
AL1G35280	scaffold_1_RagTag	96.646	328	11	0	1	328	9643049	9643376	2.82e-154	545	KN003hexa_v0
AL1G35280	scaffold_1_RagTag	96.646	328	11	0	1	328	9707601	9707928	2.82e-154	545	KN003hexa_v0
AL1G35280	scaffold_1_RagTag	95.427	328	15	0	1	328	9589725	9590052	1.32e-147	523	KN003hexa_v0
AL1G35280	scaffold_1_RagTag	94.578	332	14	4	1	328	9587361	9587692	1.03e-143	510	KN003hexa_v0
AL1G35280	scaffold_1_RagTag	87.907	215	17	7	120	328	9644863	9645074	1.15e-63	244	KN003hexa_v0
AL1G35280	scaffold_1_RagTag	87.907	215	17	7	120	328	9709411	9709622	1.15e-63	244	KN003hexa_v0
AL1G35130	scaffold_1_RagTag	98.485	330	5	0	1	330	9589358	9589687	2.13e-165	582	KN005_v1
AL1G35130	scaffold_1_RagTag	93.233	266	10	6	1	261	9664286	9664548	6.44e-106	385	KN005_v1
AL1G35130	scaffold_1_RagTag	93.233	266	10	6	1	261	9744608	9744870	6.44e-106	385	KN005_v1
AL1G35130	scaffold_1_RagTag	89.163	203	18	1	1	199	9661129	9661331	2.45e-65	250	KN005_v1
AL1G35130	scaffold_1_RagTag	89.163	203	18	1	1	199	9741449	9741651	2.45e-65	250	KN005_v1
AL1G35140	scaffold_1_RagTag	97.866	328	7	0	1	328	9757693	9758020	5.92e-161	568	KN005_v1
AL1G35140	scaffold_1_RagTag	97.59	332	4	1	1	328	9591233	9591564	2.13e-160	566	KN005_v1
AL1G35140	scaffold_1_RagTag	96.951	328	10	0	1	328	9662603	9662930	5.96e-156	551	KN005_v1
AL1G35140	scaffold_1_RagTag	96.951	328	10	0	1	328	9742923	9743250	5.96e-156	551	KN005_v1
AL1G35140	scaffold_1_RagTag	96.646	328	11	0	1	328	9593597	9593924	2.77e-154	545	KN005_v1
AL1G35140	scaffold_1_RagTag	95.732	328	14	0	1	328	9675005	9675332	2.79e-149	529	KN005_v1
AL1G35140	scaffold_1_RagTag	95.732	328	14	0	1	328	9755327	9755654	2.79e-149	529	KN005_v1
AL1G35140	scaffold_1_RagTag	87.981	208	18	5	120	322	9664405	9664610	5.27e-62	239	KN005_v1
AL1G35140	scaffold_1_RagTag	87.981	208	18	5	120	322	9744727	9744932	5.27e-62	239	KN005_v1
AL1G35260	scaffold_1_RagTag	99.695	328	1	0	1	328	9662603	9662930	5.83e-171	601	KN005_v1
AL1G35260	scaffold_1_RagTag	99.695	328	1	0	1	328	9742923	9743250	5.83e-171	601	KN005_v1
AL1G35260	scaffold_1_RagTag	96.646	328	11	0	1	328	9675005	9675332	2.77e-154	545	KN005_v1
AL1G35260	scaffold_1_RagTag	96.646	328	11	0	1	328	9755327	9755654	2.77e-154	545	KN005_v1
AL1G35260	scaffold_1_RagTag	94.88	332	13	3	1	328	9591233	9591564	2.17e-145	516	KN005_v1
AL1G35260	scaffold_1_RagTag	94.512	328	18	0	1	328	9593597	9593924	1.31e-142	507	KN005_v1
AL1G35260	scaffold_1_RagTag	94.512	328	18	0	1	328	9757693	9758020	1.31e-142	507	KN005_v1
AL1G35260	scaffold_1_RagTag	87.685	203	16	7	120	316	9664405	9664604	1.14e-58	228	KN005_v1
AL1G35260	scaffold_1_RagTag	87.685	203	16	7	120	316	9744727	9744926	1.14e-58	228	KN005_v1
AL1G35270	scaffold_1_RagTag	100	322	0	0	1	322	9664295	9664616	2.66e-169	595	KN005_v1
AL1G35270	scaffold_1_RagTag	100	322	0	0	1	322	9744617	9744938	2.66e-169	595	KN005_v1
AL1G35270	scaffold_1_RagTag	91.44	257	14	6	1	254	9589367	9589618	2.96e-94	346	KN005_v1
AL1G35270	scaffold_1_RagTag	88.372	215	16	7	111	322	9675124	9675332	2.39e-65	250	KN005_v1
AL1G35270	scaffold_1_RagTag	88.372	215	16	7	111	322	9755446	9755654	2.39e-65	250	KN005_v1
AL1G35270	scaffold_1_RagTag	87.85	214	19	5	111	322	9591356	9591564	1.11e-63	244	KN005_v1
AL1G35270	scaffold_1_RagTag	86.916	214	21	5	111	322	9593716	9593924	2.4e-60	233	KN005_v1
AL1G35270	scaffold_1_RagTag	87.56	209	17	7	111	316	9662722	9662924	2.4e-60	233	KN005_v1
AL1G35270	scaffold_1_RagTag	87.56	209	17	7	111	316	9743042	9743244	2.4e-60	233	KN005_v1
AL1G35270	scaffold_1_RagTag	87.5	208	19	5	111	316	9757812	9758014	2.4e-60	233	KN005_v1
AL1G35280	scaffold_1_RagTag	100	328	0	0	1	328	9675005	9675332	1.25e-172	606	KN005_v1
AL1G35280	scaffold_1_RagTag	100	328	0	0	1	328	9755327	9755654	1.25e-172	606	KN005_v1
AL1G35280	scaffold_1_RagTag	96.341	328	12	0	1	328	9662603	9662930	1.29e-152	540	KN005_v1
AL1G35280	scaffold_1_RagTag	96.341	328	12	0	1	328	9742923	9743250	1.29e-152	540	KN005_v1
AL1G35280	scaffold_1_RagTag	95.427	328	15	0	1	328	9593597	9593924	1.3e-147	523	KN005_v1
AL1G35280	scaffold_1_RagTag	95.427	328	15	0	1	328	9757693	9758020	1.3e-147	523	KN005_v1
AL1G35280	scaffold_1_RagTag	94.578	332	14	4	1	328	9591233	9591564	1.01e-143	510	KN005_v1
AL1G35280	scaffold_1_RagTag	88.372	215	16	7	120	328	9664405	9664616	2.43e-65	250	KN005_v1
AL1G35280	scaffold_1_RagTag	88.372	215	16	7	120	328	9744727	9744938	2.43e-65	250	KN005_v1
AL1G35130	scaffold_1_RagTag	100	330	0	0	1	330	9832490	9832819	1.03e-173	610	KN006_v1
AL1G35130	scaffold_1_RagTag	100	330	0	0	1	330	9962923	9963252	1.03e-173	610	KN006_v1
AL1G35130	scaffold_1_RagTag	93.233	266	10	6	1	261	9892163	9892425	6.81e-106	385	KN006_v1
AL1G35130	scaffold_1_RagTag	89.163	203	18	1	1	199	9889010	9889212	2.59e-65	250	KN006_v1
AL1G35140	scaffold_1_RagTag	99.085	328	3	0	1	328	9835816	9836143	1.34e-167	590	KN006_v1
AL1G35140	scaffold_1_RagTag	98.171	328	6	0	1	328	9964802	9965129	1.34e-162	573	KN006_v1
AL1G35140	scaffold_1_RagTag	97.866	328	7	0	1	328	9838176	9838503	6.26e-161	568	KN006_v1
AL1G35140	scaffold_1_RagTag	96.646	328	11	0	1	328	9890484	9890811	2.93e-154	545	KN006_v1
AL1G35140	scaffold_1_RagTag	95.732	328	14	0	1	328	9902883	9903210	2.95e-149	529	KN006_v1
AL1G35140	scaffold_1_RagTag	87.981	208	18	5	120	322	9892282	9892487	5.57e-62	239	KN006_v1
AL1G35140	scaffold_3_RagTag	95.732	328	14	0	1	328	2451082	2451409	2.95e-149	529	KN006_v1
AL1G35140	scaffold_3_RagTag	95.732	328	14	0	1	328	2453984	2453657	2.95e-149	529	KN006_v1
AL1G35260	scaffold_1_RagTag	100	328	0	0	1	328	9890484	9890811	1.33e-172	606	KN006_v1
AL1G35260	scaffold_1_RagTag	96.646	328	11	0	1	328	9902883	9903210	2.93e-154	545	KN006_v1
AL1G35260	scaffold_1_RagTag	96.341	328	12	0	1	328	9835816	9836143	1.36e-152	540	KN006_v1
AL1G35260	scaffold_1_RagTag	95.122	328	16	0	1	328	9838176	9838503	6.39e-146	518	KN006_v1
AL1G35260	scaffold_1_RagTag	94.817	328	17	0	1	328	9964802	9965129	2.97e-144	512	KN006_v1
AL1G35260	scaffold_1_RagTag	87.685	203	16	7	120	316	9892282	9892481	1.21e-58	228	KN006_v1
AL1G35260	scaffold_3_RagTag	96.646	328	11	0	1	328	2451082	2451409	2.93e-154	545	KN006_v1
AL1G35260	scaffold_3_RagTag	96.646	328	11	0	1	328	2453984	2453657	2.93e-154	545	KN006_v1
AL1G35270	scaffold_1_RagTag	100	322	0	0	1	322	9892172	9892493	2.81e-169	595	KN006_v1
AL1G35270	scaffold_1_RagTag	92.996	257	10	6	1	254	9832499	9832750	6.68e-101	368	KN006_v1
AL1G35270	scaffold_1_RagTag	92.996	257	10	6	1	254	9962932	9963183	6.68e-101	368	KN006_v1
AL1G35270	scaffold_1_RagTag	88.372	215	16	7	111	322	9903002	9903210	2.52e-65	250	KN006_v1
AL1G35270	scaffold_1_RagTag	87.85	214	19	5	111	322	9835935	9836143	1.17e-63	244	KN006_v1
AL1G35270	scaffold_1_RagTag	88.462	208	17	5	111	316	9838295	9838497	1.17e-63	244	KN006_v1
AL1G35270	scaffold_1_RagTag	87.981	208	18	5	111	316	9964921	9965123	5.46e-62	239	KN006_v1
AL1G35270	scaffold_1_RagTag	87.685	203	16	7	111	310	9890603	9890799	1.18e-58	228	KN006_v1
AL1G35270	scaffold_3_RagTag	88.372	215	16	7	111	322	2451201	2451409	2.52e-65	250	KN006_v1
AL1G35270	scaffold_3_RagTag	88.372	215	16	7	111	322	2453865	2453657	2.52e-65	250	KN006_v1
AL1G35280	scaffold_3_RagTag	100	328	0	0	1	328	2451082	2451409	1.33e-172	606	KN006_v1
AL1G35280	scaffold_3_RagTag	100	328	0	0	1	328	2453984	2453657	1.33e-172	606	KN006_v1
AL1G35280	scaffold_1_RagTag	100	328	0	0	1	328	9902883	9903210	1.33e-172	606	KN006_v1
AL1G35280	scaffold_1_RagTag	96.646	328	11	0	1	328	9890484	9890811	2.93e-154	545	KN006_v1
AL1G35280	scaffold_1_RagTag	96.037	328	13	0	1	328	9835816	9836143	6.35e-151	534	KN006_v1
AL1G35280	scaffold_1_RagTag	96.037	328	13	0	1	328	9838176	9838503	6.35e-151	534	KN006_v1
AL1G35280	scaffold_1_RagTag	95.732	328	14	0	1	328	9964802	9965129	2.95e-149	529	KN006_v1
AL1G35280	scaffold_1_RagTag	88.372	215	16	7	120	328	9892282	9892493	2.57e-65	250	KN006_v1
AL1G35130	scaffold_1_RagTag	100	330	0	0	1	330	9645666	9645995	1.03e-173	610	MN47_mabs_v3
AL1G35130	scaffold_1_RagTag	93.233	266	10	6	1	261	9717498	9717760	6.81e-106	385	MN47_mabs_v3
AL1G35130	scaffold_1_RagTag	89.163	203	18	1	1	199	9714335	9714537	2.59e-65	250	MN47_mabs_v3
AL1G35140	scaffold_1_RagTag	99.085	328	3	0	1	328	9647536	9647863	1.34e-167	590	MN47_mabs_v3
AL1G35140	scaffold_1_RagTag	98.171	328	6	0	1	328	9649896	9650223	1.34e-162	573	MN47_mabs_v3
AL1G35140	scaffold_1_RagTag	96.646	328	11	0	1	328	9715809	9716136	2.93e-154	545	MN47_mabs_v3
AL1G35140	scaffold_1_RagTag	95.732	328	14	0	1	328	9728232	9728559	2.95e-149	529	MN47_mabs_v3
AL1G35140	scaffold_1_RagTag	87.981	208	18	5	120	322	9717617	9717822	5.57e-62	239	MN47_mabs_v3
AL1G35260	scaffold_1_RagTag	100	328	0	0	1	328	9715809	9716136	1.33e-172	606	MN47_mabs_v3
AL1G35260	scaffold_1_RagTag	96.646	328	11	0	1	328	9728232	9728559	2.93e-154	545	MN47_mabs_v3
AL1G35260	scaffold_1_RagTag	96.341	328	12	0	1	328	9647536	9647863	1.36e-152	540	MN47_mabs_v3
AL1G35260	scaffold_1_RagTag	94.817	328	17	0	1	328	9649896	9650223	2.97e-144	512	MN47_mabs_v3
AL1G35260	scaffold_1_RagTag	87.685	203	16	7	120	316	9717617	9717816	1.21e-58	228	MN47_mabs_v3
AL1G35270	scaffold_1_RagTag	100	322	0	0	1	322	9717507	9717828	2.81e-169	595	MN47_mabs_v3
AL1G35270	scaffold_1_RagTag	92.996	257	10	6	1	254	9645675	9645926	6.67e-101	368	MN47_mabs_v3
AL1G35270	scaffold_1_RagTag	88.372	215	16	7	111	322	9728351	9728559	2.52e-65	250	MN47_mabs_v3
AL1G35270	scaffold_1_RagTag	87.85	214	19	5	111	322	9647655	9647863	1.17e-63	244	MN47_mabs_v3
AL1G35270	scaffold_1_RagTag	87.981	208	18	5	111	316	9650015	9650217	5.46e-62	239	MN47_mabs_v3
AL1G35270	scaffold_1_RagTag	87.685	203	16	7	111	310	9715928	9716124	1.18e-58	228	MN47_mabs_v3
AL1G35280	scaffold_1_RagTag	100	328	0	0	1	328	9728232	9728559	1.33e-172	606	MN47_mabs_v3
AL1G35280	scaffold_1_RagTag	96.646	328	11	0	1	328	9715809	9716136	2.93e-154	545	MN47_mabs_v3
AL1G35280	scaffold_1_RagTag	96.037	328	13	0	1	328	9647536	9647863	6.34e-151	534	MN47_mabs_v3
AL1G35280	scaffold_1_RagTag	95.732	328	14	0	1	328	9649896	9650223	2.95e-149	529	MN47_mabs_v3
AL1G35280	scaffold_1_RagTag	88.372	215	16	7	120	328	9717617	9717828	2.57e-65	250	MN47_mabs_v3
AL1G35130	scaffold_1_RagTag	100	330	0	0	1	330	9645666	9645995	1.03e-173	610	MN47_v4
AL1G35130	scaffold_1_RagTag	93.233	266	10	6	1	261	9717498	9717760	6.81e-106	385	MN47_v4
AL1G35130	scaffold_1_RagTag	89.163	203	18	1	1	199	9714335	9714537	2.59e-65	250	MN47_v4
AL1G35140	scaffold_1_RagTag	99.085	328	3	0	1	328	9647536	9647863	1.33e-167	590	MN47_v4
AL1G35140	scaffold_1_RagTag	98.171	328	6	0	1	328	9649896	9650223	1.34e-162	573	MN47_v4
AL1G35140	scaffold_1_RagTag	96.646	328	11	0	1	328	9715809	9716136	2.93e-154	545	MN47_v4
AL1G35140	scaffold_1_RagTag	95.732	328	14	0	1	328	9728232	9728559	2.95e-149	529	MN47_v4
AL1G35140	scaffold_1_RagTag	87.981	208	18	5	120	322	9717617	9717822	5.57e-62	239	MN47_v4
AL1G35260	scaffold_1_RagTag	100	328	0	0	1	328	9715809	9716136	1.33e-172	606	MN47_v4
AL1G35260	scaffold_1_RagTag	96.646	328	11	0	1	328	9728232	9728559	2.93e-154	545	MN47_v4
AL1G35260	scaffold_1_RagTag	96.341	328	12	0	1	328	9647536	9647863	1.36e-152	540	MN47_v4
AL1G35260	scaffold_1_RagTag	94.817	328	17	0	1	328	9649896	9650223	2.97e-144	512	MN47_v4
AL1G35260	scaffold_1_RagTag	87.685	203	16	7	120	316	9717617	9717816	1.21e-58	228	MN47_v4
AL1G35270	scaffold_1_RagTag	100	322	0	0	1	322	9717507	9717828	2.81e-169	595	MN47_v4
AL1G35270	scaffold_1_RagTag	92.996	257	10	6	1	254	9645675	9645926	6.67e-101	368	MN47_v4
AL1G35270	scaffold_1_RagTag	88.372	215	16	7	111	322	9728351	9728559	2.52e-65	250	MN47_v4
AL1G35270	scaffold_1_RagTag	87.85	214	19	5	111	322	9647655	9647863	1.17e-63	244	MN47_v4
AL1G35270	scaffold_1_RagTag	87.981	208	18	5	111	316	9650015	9650217	5.46e-62	239	MN47_v4
AL1G35270	scaffold_1_RagTag	87.685	203	16	7	111	310	9715928	9716124	1.18e-58	228	MN47_v4
AL1G35280	scaffold_1_RagTag	100	328	0	0	1	328	9728232	9728559	1.33e-172	606	MN47_v4
AL1G35280	scaffold_1_RagTag	96.646	328	11	0	1	328	9715809	9716136	2.93e-154	545	MN47_v4
AL1G35280	scaffold_1_RagTag	96.037	328	13	0	1	328	9647536	9647863	6.34e-151	534	MN47_v4
AL1G35280	scaffold_1_RagTag	95.732	328	14	0	1	328	9649896	9650223	2.95e-149	529	MN47_v4
AL1G35280	scaffold_1_RagTag	88.372	215	16	7	120	328	9717617	9717828	2.57e-65	250	MN47_v4
AL1G35130	scaffold_1_RagTag	100	330	0	0	1	330	9792391	9792720	9.95e-174	610	Nla.ragtag.scaffold_chr
AL1G35140	scaffold_1_RagTag	96.341	328	12	0	1	328	9794548	9794875	1.32e-152	540	Nla.ragtag.scaffold_chr
AL1G35260	scaffold_1_RagTag	97.256	328	9	0	1	328	9794548	9794875	1.31e-157	556	Nla.ragtag.scaffold_chr
AL1G35270	scaffold_1_RagTag	92.996	257	10	6	1	254	9792400	9792651	6.44e-101	368	Nla.ragtag.scaffold_chr
AL1G35270	scaffold_1_RagTag	88.67	203	14	7	111	310	9794667	9794863	5.27e-62	239	Nla.ragtag.scaffold_chr
AL1G35280	scaffold_1_RagTag	98.78	328	4	0	1	328	9794548	9794875	5.99e-166	584	Nla.ragtag.scaffold_chr
AL1G35130	scaffold_1	99.091	330	3	0	1	330	9489907	9490236	1e-168	593	NT1_v2
AL1G35130	scaffold_1	93.233	266	10	6	1	261	9552131	9552393	6.57e-106	385	NT1_v2
AL1G35130	scaffold_1	89.163	203	18	1	1	199	9548998	9549200	2.5e-65	250	NT1_v2
AL1G35140	scaffold_1	95.427	328	15	0	1	328	9493192	9493519	1.33e-147	523	NT1_v2
AL1G35140	scaffold_1	95.427	328	15	0	1	328	9562849	9563176	1.33e-147	523	NT1_v2
AL1G35140	scaffold_1	89.329	328	11	1	1	328	9550472	9550775	1.4e-107	390	NT1_v2
AL1G35140	scaffold_1	87.981	208	18	5	120	322	9552250	9552455	5.38e-62	239	NT1_v2
AL1G35260	scaffold_1	96.341	328	12	0	1	328	9493192	9493519	1.32e-152	540	NT1_v2
AL1G35260	scaffold_1	96.341	328	12	0	1	328	9562849	9563176	1.32e-152	540	NT1_v2
AL1G35260	scaffold_1	92.683	328	0	1	1	328	9550472	9550775	6.34e-126	451	NT1_v2
AL1G35260	scaffold_1	87.685	203	16	7	120	316	9552250	9552449	1.16e-58	228	NT1_v2
AL1G35270	scaffold_1	100	322	0	0	1	322	9552140	9552461	2.71e-169	595	NT1_v2
AL1G35270	scaffold_1	92.218	257	12	6	1	254	9489916	9490167	1.39e-97	357	NT1_v2
AL1G35270	scaffold_1	87.907	215	17	7	111	322	9493311	9493519	1.13e-63	244	NT1_v2
AL1G35270	scaffold_1	87.907	215	17	7	111	322	9562968	9563176	1.13e-63	244	NT1_v2
AL1G35270	scaffold_1	97.521	121	3	0	190	310	9550643	9550763	1.49e-52	207	NT1_v2
AL1G35280	scaffold_1	99.695	328	1	0	1	328	9562849	9563176	5.95e-171	601	NT1_v2
AL1G35280	scaffold_1	97.866	328	7	0	1	328	9493192	9493519	6.04e-161	568	NT1_v2
AL1G35280	scaffold_1	89.329	328	11	1	1	328	9550472	9550775	1.4e-107	390	NT1_v2
AL1G35280	scaffold_1	88.372	215	16	7	120	328	9552250	9552461	2.48e-65	250	NT1_v2
AL1G35130	scaffold_1_RagTag	99.394	330	2	0	1	330	10179947	10180276	2.32e-170	599	NT12_v2
AL1G35140	scaffold_1_RagTag	96.341	328	12	0	1	328	10182024	10182351	1.42e-152	540	NT12_v2
AL1G35140	scaffold_1_RagTag	95.427	328	15	0	1	328	10184610	10184937	1.43e-147	523	NT12_v2
AL1G35140	scaffold_8_RagTag	94.817	328	17	0	1	328	17141735	17142062	3.09e-144	512	NT12_v2
AL1G35260	scaffold_8_RagTag	95.732	328	14	0	1	328	17141735	17142062	3.07e-149	529	NT12_v2
AL1G35260	scaffold_1_RagTag	95.732	328	14	0	1	328	10184610	10184937	3.07e-149	529	NT12_v2
AL1G35260	scaffold_1_RagTag	95.427	328	15	0	1	328	10182024	10182351	1.43e-147	523	NT12_v2
AL1G35270	scaffold_1_RagTag	92.607	257	11	6	1	254	10179956	10180207	3.23e-99	363	NT12_v2
AL1G35270	scaffold_1_RagTag	90.395	177	14	1	146	322	10182178	10182351	3.41e-59	230	NT12_v2
AL1G35270	scaffold_1_RagTag	86.634	202	20	5	111	310	10184729	10184925	2.66e-55	217	NT12_v2
AL1G35270	scaffold_8_RagTag	86.7	203	18	7	111	310	17141854	17142050	2.66e-55	217	NT12_v2
AL1G35280	scaffold_8_RagTag	96.037	328	13	0	1	328	17141735	17142062	6.59e-151	534	NT12_v2
AL1G35280	scaffold_1_RagTag	96.037	328	13	0	1	328	10184610	10184937	6.59e-151	534	NT12_v2
AL1G35280	scaffold_1_RagTag	95.122	328	16	0	1	328	10182024	10182351	6.64e-146	518	NT12_v2
AL1G35130	scaffold_1_RagTag	98.788	330	4	0	1	330	10455440	10455769	4.98e-167	588	NT8_v2_fix
AL1G35140	scaffold_1_RagTag	96.646	328	11	0	1	328	10461781	10462108	3.02e-154	545	NT8_v2_fix
AL1G35140	scaffold_1_RagTag	95.427	328	15	0	1	328	10457580	10457907	1.41e-147	523	NT8_v2_fix
AL1G35140	scaffold_8_RagTag	94.817	328	17	0	1	328	17792939	17793266	3.06e-144	512	NT8_v2_fix
AL1G35260	scaffold_8_RagTag	95.732	328	14	0	1	328	17792939	17793266	3.04e-149	529	NT8_v2_fix
AL1G35260	scaffold_1_RagTag	95.732	328	14	0	1	328	10461781	10462108	3.04e-149	529	NT8_v2_fix
AL1G35260	scaffold_1_RagTag	95.122	328	16	0	1	328	10457580	10457907	6.58e-146	518	NT8_v2_fix
AL1G35270	scaffold_1_RagTag	92.607	257	11	6	1	254	10455449	10455700	3.2e-99	363	NT8_v2_fix
AL1G35270	scaffold_1_RagTag	87.907	215	17	7	111	322	10461900	10462108	1.21e-63	244	NT8_v2_fix
AL1G35270	scaffold_1_RagTag	86.977	215	19	7	111	322	10457699	10457907	2.62e-60	233	NT8_v2_fix
AL1G35270	scaffold_8_RagTag	86.7	203	18	7	111	310	17793058	17793254	2.63e-55	217	NT8_v2_fix
AL1G35280	scaffold_1_RagTag	97.866	328	7	0	1	328	10461781	10462108	6.44e-161	568	NT8_v2_fix
AL1G35280	scaffold_1_RagTag	96.037	328	13	0	1	328	10457580	10457907	6.53e-151	534	NT8_v2_fix
AL1G35280	scaffold_8_RagTag	96.037	328	13	0	1	328	17792939	17793266	6.53e-151	534	NT8_v2_fix
AL1G35130	scaffold_1_RagTag	98.986	296	3	0	1	296	10197005	10197300	8.52e-150	531	NT9_v2
AL1G35140	scaffold_1_RagTag	96.646	328	11	0	1	328	10205940	10206267	3.02e-154	545	NT9_v2
AL1G35140	scaffold_1_RagTag	95.427	328	15	0	1	328	10201739	10202066	1.42e-147	523	NT9_v2
AL1G35140	scaffold_8_RagTag	94.817	328	17	0	1	328	17048201	17048528	3.07e-144	512	NT9_v2
AL1G35260	scaffold_8_RagTag	95.732	328	14	0	1	328	17048201	17048528	3.05e-149	529	NT9_v2
AL1G35260	scaffold_1_RagTag	95.732	328	14	0	1	328	10205940	10206267	3.05e-149	529	NT9_v2
AL1G35260	scaffold_1_RagTag	95.122	328	16	0	1	328	10201739	10202066	6.59e-146	518	NT9_v2
AL1G35270	scaffold_1_RagTag	92.607	257	11	6	1	254	10197014	10197265	3.2e-99	363	NT9_v2
AL1G35270	scaffold_1_RagTag	87.907	215	17	7	111	322	10206059	10206267	1.21e-63	244	NT9_v2
AL1G35270	scaffold_1_RagTag	86.977	215	19	7	111	322	10201858	10202066	2.62e-60	233	NT9_v2
AL1G35270	scaffold_8_RagTag	86.7	203	18	7	111	310	17048320	17048516	2.64e-55	217	NT9_v2
AL1G35280	scaffold_1_RagTag	97.866	328	7	0	1	328	10205940	10206267	6.45e-161	568	NT9_v2
AL1G35280	scaffold_1_RagTag	96.646	328	11	0	1	328	10201739	10202066	3.02e-154	545	NT9_v2
AL1G35280	scaffold_8_RagTag	96.037	328	13	0	1	328	17048201	17048528	6.55e-151	534	NT9_v2
AL1G35130	scaffold_1	98.788	330	4	0	1	330	10402029	10402358	4.96e-167	588	PU6_v3_fin
AL1G35140	scaffold_1	97.866	328	6	1	1	328	10410473	10410799	2.31e-160	566	PU6_v3_fin
AL1G35140	scaffold_1	96.341	328	12	0	1	328	10413016	10413343	1.4e-152	540	PU6_v3_fin
AL1G35260	scaffold_1	97.256	328	9	0	1	328	10413016	10413343	1.39e-157	556	PU6_v3_fin
AL1G35260	scaffold_1	95.732	328	13	1	1	328	10410473	10410799	1.09e-148	527	PU6_v3_fin
AL1G35270	scaffold_1	92.218	257	12	6	1	254	10402038	10402289	1.48e-97	357	PU6_v3_fin
AL1G35270	scaffold_1	88.372	215	16	7	111	322	10413135	10413343	2.59e-65	250	PU6_v3_fin
AL1G35270	scaffold_1	87.85	214	19	5	111	322	10410591	10410799	1.2e-63	244	PU6_v3_fin
AL1G35280	scaffold_1	99.39	328	2	0	1	328	10413016	10413343	2.94e-169	595	PU6_v3_fin
AL1G35280	scaffold_1	95.427	328	14	1	1	328	10410473	10410799	5.07e-147	521	PU6_v3_fin
AL1G35130	scaffold_1_RagTag	99.091	330	3	0	1	330	10487581	10487910	1.05e-168	593	TE11_v2
AL1G35140	scaffold_1_RagTag	96.341	328	12	0	1	328	10495771	10496098	1.38e-152	540	TE11_v2
AL1G35140	scaffold_1_RagTag	95.732	328	14	0	1	328	10493366	10493693	2.99e-149	529	TE11_v2
AL1G35140	scaffold_8_RagTag	94.817	328	17	0	1	328	18520337	18520664	3.02e-144	512	TE11_v2
AL1G35260	scaffold_1_RagTag	97.256	328	9	0	1	328	10495771	10496098	1.37e-157	556	TE11_v2
AL1G35260	scaffold_1_RagTag	94.817	328	17	0	1	328	10493366	10493693	3.02e-144	512	TE11_v2
AL1G35260	scaffold_8_RagTag	95.732	328	14	0	1	328	18520337	18520664	2.99e-149	529	TE11_v2
AL1G35270	scaffold_1_RagTag	92.218	257	12	6	1	254	10487590	10487841	1.47e-97	357	TE11_v2
AL1G35270	scaffold_1_RagTag	87.442	215	18	7	111	322	10493485	10493693	5.54e-62	239	TE11_v2
AL1G35270	scaffold_1_RagTag	88.67	203	14	7	111	310	10495890	10496086	5.54e-62	239	TE11_v2
AL1G35270	scaffold_8_RagTag	86.7	203	18	7	111	310	18520456	18520652	2.6e-55	217	TE11_v2
AL1G35280	scaffold_1_RagTag	98.78	328	4	0	1	328	10495771	10496098	6.3e-166	584	TE11_v2
AL1G35280	scaffold_1_RagTag	96.341	328	12	0	1	328	10493366	10493693	1.38e-152	540	TE11_v2
AL1G35280	scaffold_8_RagTag	96.037	328	13	0	1	328	18520337	18520664	6.44e-151	534	TE11_v2
AL1G35130	scaffold_1_RagTag:94989-32092331	97.605	334	4	1	1	330	10467841	10468174	1.8e-161	569	TE4_v1
AL1G35140	scaffold_1_RagTag:94989-32092331	96.341	328	12	0	1	328	10476035	10476362	1.4e-152	540	TE4_v1
AL1G35140	scaffold_1_RagTag:94989-32092331	95.732	328	14	0	1	328	10473630	10473957	3.03e-149	529	TE4_v1
AL1G35140	scaffold_8_RagTag:237858-24797477	94.512	328	18	0	1	328	18782331	18782004	1.42e-142	507	TE4_v1
AL1G35260	scaffold_1_RagTag:94989-32092331	97.256	328	9	0	1	328	10476035	10476362	1.39e-157	556	TE4_v1
AL1G35260	scaffold_1_RagTag:94989-32092331	94.817	328	17	0	1	328	10473630	10473957	3.05e-144	512	TE4_v1
AL1G35260	scaffold_8_RagTag:237858-24797477	95.427	328	15	0	1	328	18782331	18782004	1.41e-147	523	TE4_v1
AL1G35270	scaffold_1_RagTag:94989-32092331	92.636	258	13	6	1	254	10467850	10468105	2.47e-100	366	TE4_v1
AL1G35270	scaffold_1_RagTag:94989-32092331	87.442	215	18	7	111	322	10473749	10473957	5.61e-62	239	TE4_v1
AL1G35270	scaffold_1_RagTag:94989-32092331	88.67	203	14	7	111	310	10476154	10476350	5.61e-62	239	TE4_v1
AL1G35270	scaffold_8_RagTag:237858-24797477	87.568	185	20	1	138	322	18782185	18782004	1.22e-53	211	TE4_v1
AL1G35280	scaffold_1_RagTag:94989-32092331	98.78	328	4	0	1	328	10476035	10476362	6.38e-166	584	TE4_v1
AL1G35280	scaffold_1_RagTag:94989-32092331	96.341	328	12	0	1	328	10473630	10473957	1.4e-152	540	TE4_v1
AL1G35280	scaffold_8_RagTag:237858-24797477	95.732	328	14	0	1	328	18782331	18782004	3.03e-149	529	TE4_v1
AL1G35130	scaffold_1_RagTag:13975-33400674	97.087	309	4	1	22	330	10355471	10355774	2.36e-145	516	TE8_v1
AL1G35130	scaffold_1_RagTag:13975-33400674	94.737	266	7	5	1	261	10408854	10409117	1.48e-112	407	TE8_v1
AL1G35130	scaffold_1_RagTag:13975-33400674	88.177	203	20	1	1	199	10404891	10405093	5.73e-62	239	TE8_v1
AL1G35140	scaffold_1_RagTag:13975-33400674	96.341	328	12	0	1	328	10360121	10360448	1.39e-152	540	TE8_v1
AL1G35140	scaffold_1_RagTag:13975-33400674	96.341	328	12	0	1	328	10419216	10419543	1.39e-152	540	TE8_v1
AL1G35140	scaffold_1_RagTag:13975-33400674	95.732	328	14	0	1	328	10357727	10358054	3.02e-149	529	TE8_v1
AL1G35140	scaffold_1_RagTag:13975-33400674	95.732	328	14	0	1	328	10406369	10406696	3.02e-149	529	TE8_v1
AL1G35140	scaffold_1_RagTag:13975-33400674	87.923	207	20	3	120	322	10408974	10409179	5.69e-62	239	TE8_v1
AL1G35140	scaffold_8_RagTag:0-24591694	94.817	328	17	0	1	328	18978663	18978990	3.04e-144	512	TE8_v1
AL1G35260	scaffold_1_RagTag:13975-33400674	99.085	328	3	0	1	328	10406369	10406696	1.36e-167	590	TE8_v1
AL1G35260	scaffold_1_RagTag:13975-33400674	97.256	328	9	0	1	328	10360121	10360448	1.38e-157	556	TE8_v1
AL1G35260	scaffold_1_RagTag:13975-33400674	97.256	328	9	0	1	328	10419216	10419543	1.38e-157	556	TE8_v1
AL1G35260	scaffold_1_RagTag:13975-33400674	94.817	328	17	0	1	328	10357727	10358054	3.04e-144	512	TE8_v1
AL1G35260	scaffold_1_RagTag:13975-33400674	87.129	202	19	5	120	316	10408974	10409173	5.73e-57	222	TE8_v1
AL1G35260	scaffold_8_RagTag:0-24591694	95.732	328	14	0	1	328	18978663	18978990	3.02e-149	529	TE8_v1
AL1G35270	scaffold_1_RagTag:13975-33400674	98.452	323	4	1	1	322	10408863	10409185	6.27e-161	568	TE8_v1
AL1G35270	scaffold_1_RagTag:13975-33400674	90.204	245	11	8	13	254	10355471	10355705	1.51e-82	307	TE8_v1
AL1G35270	scaffold_1_RagTag:13975-33400674	88.372	215	16	7	111	322	10360240	10360448	2.58e-65	250	TE8_v1
AL1G35270	scaffold_1_RagTag:13975-33400674	88.372	215	16	7	111	322	10419335	10419543	2.58e-65	250	TE8_v1
AL1G35270	scaffold_1_RagTag:13975-33400674	87.442	215	18	7	111	322	10357846	10358054	5.58e-62	239	TE8_v1
AL1G35270	scaffold_1_RagTag:13975-33400674	87.192	203	17	7	111	310	10406488	10406684	5.62e-57	222	TE8_v1
AL1G35270	scaffold_8_RagTag:0-24591694	86.7	203	18	7	111	310	18978782	18978978	2.62e-55	217	TE8_v1
AL1G35280	scaffold_1_RagTag:13975-33400674	99.39	328	2	0	1	328	10360121	10360448	2.93e-169	595	TE8_v1
AL1G35280	scaffold_1_RagTag:13975-33400674	99.39	328	2	0	1	328	10419216	10419543	2.93e-169	595	TE8_v1
AL1G35280	scaffold_1_RagTag:13975-33400674	96.341	328	12	0	1	328	10357727	10358054	1.39e-152	540	TE8_v1
AL1G35280	scaffold_1_RagTag:13975-33400674	96.037	328	13	0	1	328	10406369	10406696	6.49e-151	534	TE8_v1
AL1G35280	scaffold_1_RagTag:13975-33400674	87.85	214	19	5	120	328	10408974	10409185	1.22e-63	244	TE8_v1
AL1G35280	scaffold_8_RagTag:0-24591694	96.037	328	13	0	1	328	18978663	18978990	6.49e-151	534	TE8_v1
AL1G35130	scaffold_1_RagTag	98.788	330	4	0	1	330	10154080	10154409	4.79e-167	588	WS1_v2_s
AL1G35140	scaffold_1_RagTag	96.341	328	12	0	1	328	10158888	10159215	1.35e-152	540	WS1_v2_s
AL1G35140	scaffold_1_RagTag	96.037	328	13	0	1	328	10156253	10156580	6.28e-151	534	WS1_v2_s
AL1G35260	scaffold_1_RagTag	97.256	328	9	0	1	328	10158888	10159215	1.34e-157	556	WS1_v2_s
AL1G35260	scaffold_1_RagTag	94.512	328	18	0	1	328	10156253	10156580	1.37e-142	507	WS1_v2_s
AL1G35270	scaffold_1_RagTag	92.218	257	12	6	1	254	10154089	10154340	1.43e-97	357	WS1_v2_s
AL1G35270	scaffold_1_RagTag	89.163	203	13	7	111	310	10159007	10159203	1.16e-63	244	WS1_v2_s
AL1G35270	scaffold_1_RagTag	90.96	177	13	1	146	322	10156407	10156580	6.99e-61	235	WS1_v2_s
AL1G35280	scaffold_1_RagTag	98.78	328	4	0	1	328	10158888	10159215	6.15e-166	584	WS1_v2_s
AL1G35280	scaffold_1_RagTag	96.037	328	13	0	1	328	10156253	10156580	6.28e-151	534	WS1_v2_s
