qseqid	sseqid	pident	length	mismatch	gapopen	qstart	qend	sstart	send	evalue	bitscore	stitle
AL1G65230	scaffold_2_RagTag	100	159	0	0	1	159	7918086	7917928	5.18e-79	294	73_3a_fixed_genome_15_1_24
AL1G65230	scaffold_2_RagTag	92.453	159	12	0	1	159	5046994	5046836	5.33e-59	228	73_3a_fixed_genome_15_1_24
AL1G65230	scaffold_2_RagTag	93.197	147	10	0	13	159	5042870	5042724	1.15e-55	217	73_3a_fixed_genome_15_1_24
AL1G65230	scaffold_2_RagTag	94.326	141	8	0	19	159	5048706	5048566	1.15e-55	217	73_3a_fixed_genome_15_1_24
AL1G65230	scaffold_2_RagTag	87.5	128	16	0	32	159	5018142	5018015	4.27e-35	148	73_3a_fixed_genome_15_1_24
AL1G65230	scaffold_4_RagTag	91.824	159	13	0	1	159	11613536	11613378	2.48e-57	222	73_3a_fixed_genome_15_1_24
AL2G18220	scaffold_2_RagTag	96.203	316	12	0	1	316	5047071	5046756	6.11e-146	518	73_3a_fixed_genome_15_1_24
AL2G18220	scaffold_2_RagTag	95.238	315	15	0	1	315	5021092	5020778	2.21e-140	499	73_3a_fixed_genome_15_1_24
AL2G18220	scaffold_2_RagTag	88.679	318	30	2	2	316	7918162	7917848	2.33e-105	383	73_3a_fixed_genome_15_1_24
AL2G18220	scaffold_2_RagTag	86.495	311	29	7	9	316	5048790	5048490	3.08e-89	329	73_3a_fixed_genome_15_1_24
AL2G18220	scaffold_2_RagTag	91.81	232	15	1	84	315	5042876	5042649	1.85e-86	320	73_3a_fixed_genome_15_1_24
AL2G18220	scaffold_2_RagTag	83.838	297	39	5	9	304	5018235	5017947	1.46e-72	274	73_3a_fixed_genome_15_1_24
AL2G18220	scaffold_4_RagTag	92.405	316	23	1	1	316	11613612	11613298	2.26e-125	449	73_3a_fixed_genome_15_1_24
AL2G18240	scaffold_2_RagTag	96.845	317	10	0	1	317	5021093	5020777	7.88e-150	531	73_3a_fixed_genome_15_1_24
AL2G18240	scaffold_2_RagTag	95.57	316	14	0	1	316	5047072	5046757	1.33e-142	507	73_3a_fixed_genome_15_1_24
AL2G18240	scaffold_2_RagTag	88.889	306	28	2	3	305	7918162	7917860	5.06e-102	372	73_3a_fixed_genome_15_1_24
AL2G18240	scaffold_2_RagTag	88.055	293	24	9	10	298	5048790	5048505	1.84e-91	337	73_3a_fixed_genome_15_1_24
AL2G18240	scaffold_2_RagTag	92.991	214	15	0	85	298	5042876	5042663	3.11e-84	313	73_3a_fixed_genome_15_1_24
AL2G18240	scaffold_4_RagTag	92.405	316	23	1	1	316	11613613	11613299	2.27e-125	449	73_3a_fixed_genome_15_1_24
AL2G18250	scaffold_2_RagTag	97.785	316	7	0	1	316	5018250	5017935	2.8e-154	545	73_3a_fixed_genome_15_1_24
AL2G18250	scaffold_2_RagTag	84.333	300	41	4	4	298	5042960	5042662	5.22e-77	289	73_3a_fixed_genome_15_1_24
AL2G18250	scaffold_2_RagTag	83.172	309	43	5	4	304	5047075	5046768	1.46e-72	274	73_3a_fixed_genome_15_1_24
AL2G18250	scaffold_2_RagTag	82.155	297	46	4	16	305	7918155	7917859	8.86e-65	248	73_3a_fixed_genome_15_1_24
AL2G18250	scaffold_4_RagTag	87.5	224	28	0	81	304	11613533	11613310	4.09e-68	259	73_3a_fixed_genome_15_1_24
AL1G65230	scaffold_2_RagTag	99.371	159	1	0	1	159	7077491	7077333	2.21e-77	289	AL08_v2_f
AL1G65230	scaffold_2_RagTag	91.824	159	13	0	1	159	4705500	4705342	2.27e-57	222	AL08_v2_f
AL1G65230	scaffold_2_RagTag	91.824	159	13	0	1	159	4708837	4708679	2.27e-57	222	AL08_v2_f
AL1G65230	scaffold_2_RagTag	93.197	147	10	0	13	159	4701324	4701178	1.06e-55	217	AL08_v2_f
AL1G65230	scaffold_2_RagTag	93.617	141	9	0	19	159	4710354	4710214	4.92e-54	211	AL08_v2_f
AL1G65230	scaffold_2_RagTag	85.938	128	18	0	32	159	4696175	4696048	8.47e-32	137	AL08_v2_f
AL1G65230	scaffold_4_RagTag	91.824	159	13	0	1	159	10689957	10689799	2.27e-57	222	AL08_v2_f
AL2G18220	scaffold_2_RagTag	99.684	316	1	0	1	316	4705577	4705262	2.54e-164	579	AL08_v2_f
AL2G18220	scaffold_2_RagTag	99.367	316	2	0	1	316	4708914	4708599	1.18e-162	573	AL08_v2_f
AL2G18220	scaffold_2_RagTag	96.508	315	11	0	1	315	4699009	4698695	4.33e-147	521	AL08_v2_f
AL2G18220	scaffold_2_RagTag	88.365	318	31	2	2	316	7077567	7077253	9.93e-104	377	AL08_v2_f
AL2G18220	scaffold_2_RagTag	86.174	311	30	7	9	316	4710438	4710138	1.31e-87	324	AL08_v2_f
AL2G18220	scaffold_2_RagTag	91.845	233	15	1	84	316	4701330	4701102	4.72e-87	322	AL08_v2_f
AL2G18220	scaffold_4_RagTag	92.787	305	21	1	12	316	10690022	10689719	1.25e-122	440	AL08_v2_f
AL2G18240	scaffold_2_RagTag	98.107	317	6	0	1	317	4699010	4698694	1.54e-156	553	AL08_v2_f
AL2G18240	scaffold_2_RagTag	96.203	316	12	0	1	316	4705578	4705263	5.63e-146	518	AL08_v2_f
AL2G18240	scaffold_2_RagTag	95.886	316	13	0	1	316	4708915	4708600	2.62e-144	512	AL08_v2_f
AL2G18240	scaffold_2_RagTag	88.562	306	29	2	3	305	7077567	7077265	2.16e-100	366	AL08_v2_f
AL2G18240	scaffold_2_RagTag	86.986	292	29	6	10	298	4710438	4710153	1.7e-86	320	AL08_v2_f
AL2G18240	scaffold_2_RagTag	92.991	214	15	0	85	298	4701330	4701117	2.85e-84	313	AL08_v2_f
AL2G18240	scaffold_4_RagTag	92.763	304	21	1	13	316	10690022	10689720	4.51e-122	438	AL08_v2_f
AL2G18250	scaffold_2_RagTag	97.468	316	8	0	1	316	4696283	4695968	1.2e-152	540	AL08_v2_f
AL2G18250	scaffold_2_RagTag	84.333	300	41	4	4	298	4701414	4701116	4.78e-77	289	AL08_v2_f
AL2G18250	scaffold_2_RagTag	82.524	309	45	6	4	304	4708918	4708611	2.9e-69	263	AL08_v2_f
AL2G18250	scaffold_2_RagTag	82.41	307	45	5	6	304	4705579	4705274	3.75e-68	259	AL08_v2_f
AL2G18250	scaffold_2_RagTag	81.818	297	47	4	16	305	7077560	7077264	3.78e-63	243	AL08_v2_f
AL2G18250	scaffold_2_RagTag	85.965	171	23	1	146	316	4706640	4706471	8.35e-45	182	AL08_v2_f
AL2G18250	scaffold_4_RagTag	87.5	224	28	0	81	304	10689954	10689731	3.75e-68	259	AL08_v2_f
AL1G65230	scaffold_2_RagTag	100	159	0	0	1	159	8730499	8730341	5.29e-79	294	al1_v2_s
AL1G65230	scaffold_2_RagTag	91.824	159	13	0	1	159	5714685	5714527	2.53e-57	222	al1_v2_s
AL1G65230	scaffold_2_RagTag	91.824	159	13	0	1	159	5717985	5717827	2.53e-57	222	al1_v2_s
AL1G65230	scaffold_2_RagTag	94.326	141	8	0	19	159	5719501	5719361	1.18e-55	217	al1_v2_s
AL1G65230	scaffold_2_RagTag	92.517	147	11	0	13	159	5710515	5710369	5.48e-54	211	al1_v2_s
AL1G65230	scaffold_4_RagTag	91.824	159	13	0	1	159	11362676	11362518	2.53e-57	222	al1_v2_s
AL2G18220	scaffold_2_RagTag	99.051	316	3	0	1	316	5714762	5714447	6.11e-161	568	al1_v2_s
AL2G18220	scaffold_2_RagTag	96.519	316	11	0	1	316	5718062	5717747	1.34e-147	523	al1_v2_s
AL2G18220	scaffold_2_RagTag	96.19	315	12	0	1	315	5707614	5707300	2.25e-145	516	al1_v2_s
AL2G18220	scaffold_2_RagTag	88.679	318	30	2	2	316	8730575	8730261	2.38e-105	383	al1_v2_s
AL2G18220	scaffold_2_RagTag	86.174	311	30	7	9	316	5719585	5719285	1.46e-87	324	al1_v2_s
AL2G18220	scaffold_2_RagTag	91.416	233	16	1	84	316	5710521	5710293	2.44e-85	316	al1_v2_s
AL2G18220	scaffold_2_RagTag	82.109	313	43	7	9	316	5699621	5699317	5.41e-67	255	al1_v2_s
AL2G18220	scaffold_4_RagTag	92.405	316	23	1	1	316	11362752	11362438	2.31e-125	449	al1_v2_s
AL2G18240	scaffold_2_RagTag	97.792	317	7	0	1	317	5707615	5707299	7.99e-155	547	al1_v2_s
AL2G18240	scaffold_2_RagTag	96.203	316	12	0	1	316	5714763	5714448	6.27e-146	518	al1_v2_s
AL2G18240	scaffold_2_RagTag	95.57	316	14	0	1	316	5718063	5717748	1.36e-142	507	al1_v2_s
AL2G18240	scaffold_2_RagTag	88.889	306	28	2	3	305	8730575	8730273	5.16e-102	372	al1_v2_s
AL2G18240	scaffold_2_RagTag	87.671	292	27	6	10	298	5719585	5719300	8.76e-90	331	al1_v2_s
AL2G18240	scaffold_2_RagTag	92.523	214	16	0	85	298	5710521	5710308	1.48e-82	307	al1_v2_s
AL2G18240	scaffold_4_RagTag	92.405	316	23	1	1	316	11362753	11362439	2.32e-125	449	al1_v2_s
AL2G18250	scaffold_2_RagTag	98.734	316	4	0	1	316	5699636	5699321	2.84e-159	562	al1_v2_s
AL2G18250	scaffold_2_RagTag	84.106	302	38	7	4	298	5710605	5710307	2.48e-75	283	al1_v2_s
AL2G18250	scaffold_2_RagTag	83.495	309	42	5	4	304	5718066	5717759	3.21e-74	279	al1_v2_s
AL2G18250	scaffold_2_RagTag	82.155	297	46	4	16	305	8730568	8730272	9.05e-65	248	al1_v2_s
AL2G18250	scaffold_2_RagTag	84.242	165	25	1	146	310	5715794	5715631	4.36e-38	159	al1_v2_s
AL2G18250	scaffold_4_RagTag	84.892	278	32	8	35	304	11362725	11362450	5.37e-72	272	al1_v2_s
AL1G65230	scaffold_2_RagTag	100	159	0	0	1	159	6899990	6899832	4.78e-79	294	AL27_v1
AL1G65230	scaffold_2_RagTag	91.875	160	12	1	1	159	4642126	4641967	2.29e-57	222	AL27_v1
AL1G65230	scaffold_2_RagTag	92.517	147	11	0	13	159	4637993	4637847	4.95e-54	211	AL27_v1
AL1G65230	scaffold_2_RagTag	93.617	141	9	0	19	159	4644750	4644610	4.95e-54	211	AL27_v1
AL1G65230	scaffold_4_RagTag	92.453	159	12	0	1	159	10506342	10506184	4.91e-59	228	AL27_v1
AL2G18220	scaffold_2_RagTag	96.215	317	11	1	1	316	4642203	4641887	5.63e-146	518	AL27_v1
AL2G18220	scaffold_2_RagTag	96.19	315	12	0	1	315	4635656	4635342	2.03e-145	516	AL27_v1
AL2G18220	scaffold_2_RagTag	88.365	318	31	2	2	316	6900066	6899752	9.98e-104	377	AL27_v1
AL2G18220	scaffold_2_RagTag	86.174	311	30	7	9	316	4644834	4644534	1.32e-87	324	AL27_v1
AL2G18220	scaffold_2_RagTag	90.987	233	17	1	84	316	4637999	4637771	1.03e-83	311	AL27_v1
AL2G18220	scaffold_2_RagTag	82.748	313	41	7	9	316	4632848	4632544	2.25e-70	267	AL27_v1
AL2G18220	scaffold_4_RagTag	92.722	316	22	1	1	316	10506418	10506104	4.48e-127	455	AL27_v1
AL2G18240	scaffold_2_RagTag	97.792	317	7	0	1	317	4635657	4635341	7.21e-155	547	AL27_v1
AL2G18240	scaffold_2_RagTag	95.584	317	13	1	1	316	4642204	4641888	1.22e-142	507	AL27_v1
AL2G18240	scaffold_2_RagTag	88.562	306	29	2	3	305	6900066	6899764	2.17e-100	366	AL27_v1
AL2G18240	scaffold_2_RagTag	87.713	293	25	9	10	298	4644834	4644549	7.9e-90	331	AL27_v1
AL2G18240	scaffold_2_RagTag	92.523	214	16	0	85	298	4637999	4637786	1.33e-82	307	AL27_v1
AL2G18240	scaffold_4_RagTag	92.722	316	22	1	1	316	10506419	10506105	4.5e-127	455	AL27_v1
AL2G18250	scaffold_2_RagTag	99.367	316	2	0	1	316	4632863	4632548	1.19e-162	573	AL27_v1
AL2G18250	scaffold_2_RagTag	84.667	300	40	4	4	298	4638083	4637785	1.03e-78	294	AL27_v1
AL2G18250	scaffold_2_RagTag	83.226	310	42	6	4	304	4642207	4641899	3.74e-73	276	AL27_v1
AL2G18250	scaffold_2_RagTag	82.492	297	45	4	16	305	6900059	6899763	1.75e-66	254	AL27_v1
AL2G18250	scaffold_4_RagTag	87.946	224	27	0	81	304	10506339	10506116	8.1e-70	265	AL27_v1
AL1G65230	scaffold_2	100	159	0	0	1	159	6900567	6900409	5.14e-79	294	ALR.ragtag.scaffold_chr_15_1_24.masked
AL1G65230	scaffold_2	92.453	159	12	0	1	159	9993994	9994152	5.29e-59	228	ALR.ragtag.scaffold_chr_15_1_24.masked
AL1G65230	scaffold_2	91.824	159	13	0	1	159	4711621	4711463	2.46e-57	222	ALR.ragtag.scaffold_chr_15_1_24.masked
AL1G65230	scaffold_2	91.824	159	13	0	1	159	4714932	4714774	2.46e-57	222	ALR.ragtag.scaffold_chr_15_1_24.masked
AL1G65230	scaffold_2	94.326	141	8	0	19	159	4716632	4716492	1.15e-55	217	ALR.ragtag.scaffold_chr_15_1_24.masked
AL1G65230	scaffold_2	92.517	147	11	0	13	159	4707473	4707327	5.33e-54	211	ALR.ragtag.scaffold_chr_15_1_24.masked
AL2G18220	scaffold_2	99.367	316	2	0	1	316	4711698	4711383	1.28e-162	573	ALR.ragtag.scaffold_chr_15_1_24.masked
AL2G18220	scaffold_2	96.519	316	11	0	1	316	4715009	4714694	1.3e-147	523	ALR.ragtag.scaffold_chr_15_1_24.masked
AL2G18220	scaffold_2	96.508	315	11	0	1	315	4703841	4703527	4.69e-147	521	ALR.ragtag.scaffold_chr_15_1_24.masked
AL2G18220	scaffold_2	92.722	316	22	1	1	316	9993918	9994232	4.83e-127	455	ALR.ragtag.scaffold_chr_15_1_24.masked
AL2G18220	scaffold_2	88.365	318	31	2	2	316	6900643	6900329	1.07e-103	377	ALR.ragtag.scaffold_chr_15_1_24.masked
AL2G18220	scaffold_2	86.174	311	30	7	9	316	4716716	4716416	1.42e-87	324	ALR.ragtag.scaffold_chr_15_1_24.masked
AL2G18220	scaffold_2	91.416	233	16	1	84	316	4707479	4707251	2.38e-85	316	ALR.ragtag.scaffold_chr_15_1_24.masked
AL2G18220	scaffold_2	82.828	297	42	5	9	304	4700963	4700675	1.46e-67	257	ALR.ragtag.scaffold_chr_15_1_24.masked
AL2G18240	scaffold_2	98.107	317	6	0	1	317	4703842	4703526	1.67e-156	553	ALR.ragtag.scaffold_chr_15_1_24.masked
AL2G18240	scaffold_2	95.886	316	13	0	1	316	4711699	4711384	2.83e-144	512	ALR.ragtag.scaffold_chr_15_1_24.masked
AL2G18240	scaffold_2	95.57	316	14	0	1	316	4715010	4714695	1.32e-142	507	ALR.ragtag.scaffold_chr_15_1_24.masked
AL2G18240	scaffold_2	92.722	316	22	1	1	316	9993917	9994231	4.84e-127	455	ALR.ragtag.scaffold_chr_15_1_24.masked
AL2G18240	scaffold_2	88.562	306	29	2	3	305	6900643	6900341	2.33e-100	366	ALR.ragtag.scaffold_chr_15_1_24.masked
AL2G18240	scaffold_2	87.671	292	27	6	10	298	4716716	4716431	8.51e-90	331	ALR.ragtag.scaffold_chr_15_1_24.masked
AL2G18240	scaffold_2	92.523	214	16	0	85	298	4707479	4707266	1.43e-82	307	ALR.ragtag.scaffold_chr_15_1_24.masked
AL2G18250	scaffold_2	98.734	316	4	0	1	316	4700978	4700663	2.76e-159	562	ALR.ragtag.scaffold_chr_15_1_24.masked
AL2G18250	scaffold_2	84.667	300	40	4	4	298	4707563	4707265	1.11e-78	294	ALR.ragtag.scaffold_chr_15_1_24.masked
AL2G18250	scaffold_2	83.495	309	42	5	4	304	4715013	4714706	3.12e-74	279	ALR.ragtag.scaffold_chr_15_1_24.masked
AL2G18250	scaffold_2	87.946	224	27	0	81	304	9993997	9994220	8.73e-70	265	ALR.ragtag.scaffold_chr_15_1_24.masked
AL2G18250	scaffold_2	82.085	307	46	5	6	304	4711700	4711395	1.89e-66	254	ALR.ragtag.scaffold_chr_15_1_24.masked
AL2G18250	scaffold_2	82.215	298	46	4	15	305	6900637	6900340	2.44e-65	250	ALR.ragtag.scaffold_chr_15_1_24.masked
AL2G18250	scaffold_2	86.55	171	22	1	146	316	4712737	4712568	1.94e-46	187	ALR.ragtag.scaffold_chr_15_1_24.masked
AL1G65230	scaffold_2_RagTag	100	159	0	0	1	159	7797397	7797239	5.27e-79	294	BAM12_v2
AL1G65230	scaffold_2_RagTag	91.824	159	13	0	1	159	543253	543411	2.52e-57	222	BAM12_v2
AL1G65230	scaffold_2_RagTag	93.197	147	10	0	13	159	538475	538621	1.17e-55	217	BAM12_v2
AL1G65230	scaffold_2_RagTag	91.195	159	14	0	1	159	539963	540121	1.17e-55	217	BAM12_v2
AL1G65230	scaffold_2_RagTag	92.157	153	12	0	7	159	547825	547977	1.17e-55	217	BAM12_v2
AL1G65230	scaffold_2_RagTag	84.672	137	21	0	23	159	572097	572233	9.4e-32	137	BAM12_v2
AL1G65230	scaffold_4_RagTag	91.824	159	13	0	1	159	10647538	10647380	2.52e-57	222	BAM12_v2
AL2G18220	scaffold_2_RagTag	99.367	316	2	0	1	316	543176	543491	1.31e-162	573	BAM12_v2
AL2G18220	scaffold_2_RagTag	95.886	316	13	0	1	316	539886	540201	2.89e-144	512	BAM12_v2
AL2G18220	scaffold_2_RagTag	88.994	318	29	2	2	316	7797473	7797159	5.09e-107	388	BAM12_v2
AL2G18220	scaffold_2_RagTag	86.174	311	30	7	9	316	538397	538697	1.46e-87	324	BAM12_v2
AL2G18220	scaffold_2_RagTag	85.714	308	29	8	13	316	547757	548053	1.13e-83	311	BAM12_v2
AL2G18220	scaffold_4_RagTag	91.139	316	23	2	1	316	10647614	10647304	1.39e-117	424	BAM12_v2
AL2G18240	scaffold_2_RagTag	96.203	316	12	0	1	316	543175	543490	6.24e-146	518	BAM12_v2
AL2G18240	scaffold_2_RagTag	94.937	316	16	0	1	316	539885	540200	2.92e-139	496	BAM12_v2
AL2G18240	scaffold_2_RagTag	89.216	306	27	2	3	305	7797473	7797171	1.11e-103	377	BAM12_v2
AL2G18240	scaffold_2_RagTag	87.043	301	30	6	1	298	538388	538682	8.73e-90	331	BAM12_v2
AL2G18240	scaffold_2_RagTag	85.621	306	31	8	14	316	547757	548052	4.09e-83	309	BAM12_v2
AL2G18240	scaffold_4_RagTag	91.139	316	23	2	1	316	10647615	10647305	1.4e-117	424	BAM12_v2
AL2G18250	scaffold_2_RagTag	97.452	314	8	0	3	316	572000	572313	1.72e-151	536	BAM12_v2
AL2G18250	scaffold_2_RagTag	82.848	309	44	5	4	304	539882	540189	6.92e-71	268	BAM12_v2
AL2G18250	scaffold_2_RagTag	82.41	307	45	5	6	304	543174	543479	4.16e-68	259	BAM12_v2
AL2G18250	scaffold_2_RagTag	81.818	297	47	4	16	305	7797466	7797170	4.19e-63	243	BAM12_v2
AL2G18250	scaffold_2_RagTag	86.55	171	22	1	146	316	542137	542306	1.99e-46	187	BAM12_v2
AL2G18250	scaffold_4_RagTag	86.161	224	27	2	81	304	10647535	10647316	5.42e-62	239	BAM12_v2
AL1G65230	scaffold_2_RagTag:0-21425966	100	159	0	0	1	159	7505131	7504973	4.83e-79	294	BOR_v1
AL1G65230	scaffold_2_RagTag:0-21425966	92.453	159	12	0	1	159	4796662	4796504	4.97e-59	228	BOR_v1
AL1G65230	scaffold_2_RagTag:0-21425966	94.326	141	8	0	19	159	4798369	4798229	1.08e-55	217	BOR_v1
AL1G65230	scaffold_2_RagTag:0-21425966	93.151	146	10	0	13	158	4789993	4789848	3.87e-55	215	BOR_v1
AL1G65230	scaffold_4_RagTag:18000-22695972	92.453	159	12	0	1	159	11024847	11024689	4.97e-59	228	BOR_v1
AL2G18220	scaffold_2_RagTag:0-21425966	96.519	316	11	0	1	316	4796739	4796424	1.23e-147	523	BOR_v1
AL2G18220	scaffold_2_RagTag:0-21425966	96.508	315	11	0	1	315	4787665	4787351	4.41e-147	521	BOR_v1
AL2G18220	scaffold_2_RagTag:0-21425966	88.365	318	31	2	2	316	7505207	7504893	1.01e-103	377	BOR_v1
AL2G18220	scaffold_2_RagTag:0-21425966	86.174	311	30	7	9	316	4798453	4798153	1.33e-87	324	BOR_v1
AL2G18220	scaffold_2_RagTag:0-21425966	91.416	233	16	1	84	316	4789999	4789771	2.23e-85	316	BOR_v1
AL2G18220	scaffold_4_RagTag:18000-22695972	92.722	316	22	1	1	316	11024923	11024609	4.54e-127	455	BOR_v1
AL2G18240	scaffold_2_RagTag:0-21425966	98.107	317	6	0	1	317	4787666	4787350	1.57e-156	553	BOR_v1
AL2G18240	scaffold_2_RagTag:0-21425966	95.886	316	13	0	1	316	4796740	4796425	2.66e-144	512	BOR_v1
AL2G18240	scaffold_2_RagTag:0-21425966	88.562	306	29	2	3	305	7505207	7504905	2.19e-100	366	BOR_v1
AL2G18240	scaffold_2_RagTag:0-21425966	87.671	292	27	6	10	298	4798453	4798168	8e-90	331	BOR_v1
AL2G18240	scaffold_2_RagTag:0-21425966	92.523	214	16	0	85	298	4789999	4789786	1.35e-82	307	BOR_v1
AL2G18240	scaffold_4_RagTag:18000-22695972	92.722	316	22	1	1	316	11024924	11024610	4.55e-127	455	BOR_v1
AL2G18250	scaffold_2_RagTag:0-21425966	83.495	309	42	5	4	304	4796743	4796436	2.93e-74	279	BOR_v1
AL2G18250	scaffold_2_RagTag:0-21425966	81.818	297	47	4	16	305	7505200	7504904	3.84e-63	243	BOR_v1
AL2G18250	scaffold_4_RagTag:18000-22695972	87.946	224	27	0	81	304	11024844	11024621	8.2e-70	265	BOR_v1
AL1G65230	scaffold_2_RagTag	100	159	0	0	1	159	8871480	8871322	5.06e-79	294	F1-14.ragtag.scaffold_chr
AL1G65230	scaffold_2_RagTag	92.453	159	12	0	1	159	6261973	6261815	5.21e-59	228	F1-14.ragtag.scaffold_chr
AL1G65230	scaffold_2_RagTag	93.197	147	10	0	13	159	6257119	6256973	1.13e-55	217	F1-14.ragtag.scaffold_chr
AL1G65230	scaffold_2_RagTag	93.617	141	9	0	19	159	6264161	6264021	5.24e-54	211	F1-14.ragtag.scaffold_chr
AL1G65230	scaffold_4_RagTag	91.824	159	13	0	1	159	11048636	11048478	2.42e-57	222	F1-14.ragtag.scaffold_chr
AL1G65230	scaffold_4_RagTag	91.824	159	13	0	1	159	11174601	11174443	2.42e-57	222	F1-14.ragtag.scaffold_chr
AL2G18220	scaffold_2_RagTag	96.508	315	11	0	1	315	6254532	6254218	4.62e-147	521	F1-14.ragtag.scaffold_chr
AL2G18220	scaffold_2_RagTag	95.57	316	14	0	1	316	6262050	6261735	1.29e-142	507	F1-14.ragtag.scaffold_chr
AL2G18220	scaffold_2_RagTag	88.365	318	31	2	2	316	8871556	8871242	1.06e-103	377	F1-14.ragtag.scaffold_chr
AL2G18220	scaffold_2_RagTag	86.495	311	29	7	9	316	6264245	6263945	3e-89	329	F1-14.ragtag.scaffold_chr
AL2G18220	scaffold_2_RagTag	91.845	233	15	1	84	316	6257125	6256897	5.02e-87	322	F1-14.ragtag.scaffold_chr
AL2G18220	scaffold_2_RagTag	82.748	313	41	7	9	316	6251705	6251401	2.39e-70	267	F1-14.ragtag.scaffold_chr
AL2G18220	scaffold_4_RagTag	92.405	316	23	1	1	316	11048712	11048398	2.21e-125	449	F1-14.ragtag.scaffold_chr
AL2G18220	scaffold_4_RagTag	92.405	316	23	1	1	316	11174677	11174363	2.21e-125	449	F1-14.ragtag.scaffold_chr
AL2G18240	scaffold_2_RagTag	98.107	317	6	0	1	317	6254533	6254217	1.64e-156	553	F1-14.ragtag.scaffold_chr
AL2G18240	scaffold_2_RagTag	94.62	316	17	0	1	316	6262051	6261736	1.31e-137	490	F1-14.ragtag.scaffold_chr
AL2G18240	scaffold_2_RagTag	88.562	306	29	2	3	305	8871556	8871254	2.3e-100	366	F1-14.ragtag.scaffold_chr
AL2G18240	scaffold_2_RagTag	87.329	292	28	6	10	298	6264245	6263960	3.9e-88	326	F1-14.ragtag.scaffold_chr
AL2G18240	scaffold_2_RagTag	92.991	214	15	0	85	298	6257125	6256912	3.03e-84	313	F1-14.ragtag.scaffold_chr
AL2G18240	scaffold_4_RagTag	92.405	316	23	1	1	316	11048713	11048399	2.22e-125	449	F1-14.ragtag.scaffold_chr
AL2G18240	scaffold_4_RagTag	92.405	316	23	1	1	316	11174678	11174364	2.22e-125	449	F1-14.ragtag.scaffold_chr
AL2G18250	scaffold_2_RagTag	99.367	316	2	0	1	316	6251720	6251405	1.26e-162	573	F1-14.ragtag.scaffold_chr
AL2G18250	scaffold_2_RagTag	86.667	300	34	4	4	298	6264257	6263959	1.08e-88	327	F1-14.ragtag.scaffold_chr
AL2G18250	scaffold_2_RagTag	84.333	300	41	4	4	298	6257209	6256911	5.1e-77	289	F1-14.ragtag.scaffold_chr
AL2G18250	scaffold_2_RagTag	83.172	309	43	6	4	304	6262054	6261747	1.43e-72	274	F1-14.ragtag.scaffold_chr
AL2G18250	scaffold_2_RagTag	82.492	297	45	4	16	305	8871549	8871253	1.86e-66	254	F1-14.ragtag.scaffold_chr
AL2G18250	scaffold_4_RagTag	87.5	224	28	0	81	304	11048633	11048410	4e-68	259	F1-14.ragtag.scaffold_chr
AL2G18250	scaffold_4_RagTag	87.5	224	28	0	81	304	11174598	11174375	4e-68	259	F1-14.ragtag.scaffold_chr
AL1G65230	scaffold_2_RagTag	100	159	0	0	1	159	7513838	7513680	5e-79	294	KN003hexa_v0
AL1G65230	scaffold_2_RagTag	92.453	159	12	0	1	159	4724930	4724772	5.14e-59	228	KN003hexa_v0
AL1G65230	scaffold_2_RagTag	94.326	141	8	0	19	159	4726453	4726313	1.11e-55	217	KN003hexa_v0
AL1G65230	scaffold_2_RagTag	93.617	141	9	0	13	153	4720195	4720055	5.18e-54	211	KN003hexa_v0
AL1G65230	scaffold_4_RagTag	91.824	159	13	0	1	159	12487358	12487200	2.39e-57	222	KN003hexa_v0
AL2G18220	scaffold_2_RagTag	96.519	316	11	0	1	316	4725007	4724692	1.27e-147	523	KN003hexa_v0
AL2G18220	scaffold_2_RagTag	88.679	318	30	2	2	316	7513914	7513600	2.24e-105	383	KN003hexa_v0
AL2G18220	scaffold_2_RagTag	85.852	311	31	7	9	316	4726537	4726237	6.42e-86	318	KN003hexa_v0
AL2G18220	scaffold_2_RagTag	90.987	233	17	1	84	316	4720201	4719973	1.07e-83	311	KN003hexa_v0
AL2G18220	scaffold_2_RagTag	82.428	313	42	7	9	316	4715669	4715365	1.1e-68	261	KN003hexa_v0
AL2G18220	scaffold_4_RagTag	92.089	316	24	1	1	316	12487434	12487120	1.01e-123	444	KN003hexa_v0
AL2G18240	scaffold_2_RagTag	95.253	316	15	0	1	316	4725008	4724693	5.96e-141	501	KN003hexa_v0
AL2G18240	scaffold_2_RagTag	88.889	306	28	2	3	305	7513914	7513612	4.87e-102	372	KN003hexa_v0
AL2G18240	scaffold_2_RagTag	87.671	292	27	7	10	298	4726537	4726252	8.27e-90	331	KN003hexa_v0
AL2G18240	scaffold_2_RagTag	92.056	214	17	0	85	298	4720201	4719988	6.48e-81	302	KN003hexa_v0
AL2G18240	scaffold_4_RagTag	92.089	316	24	1	1	316	12487435	12487121	1.02e-123	444	KN003hexa_v0
AL2G18250	scaffold_2_RagTag	99.684	316	1	0	1	316	4715684	4715369	2.67e-164	579	KN003hexa_v0
AL2G18250	scaffold_2_RagTag	83.172	309	43	5	4	304	4725011	4724704	1.41e-72	274	KN003hexa_v0
AL2G18250	scaffold_2_RagTag	82.155	297	46	4	16	305	7513907	7513611	8.54e-65	248	KN003hexa_v0
AL2G18250	scaffold_4_RagTag	87.054	224	29	0	81	304	12487355	12487132	1.84e-66	254	KN003hexa_v0
AL1G65230	scaffold_2_RagTag	100	159	0	0	1	159	7688901	7688743	4.92e-79	294	KN005_v1
AL1G65230	scaffold_2_RagTag	91.824	159	13	0	1	159	4856753	4856595	2.35e-57	222	KN005_v1
AL1G65230	scaffold_2_RagTag	91.195	159	14	0	1	159	4865438	4865280	1.1e-55	217	KN005_v1
AL1G65230	scaffold_2_RagTag	94.326	141	8	0	19	159	4867069	4866929	1.1e-55	217	KN005_v1
AL1G65230	scaffold_2_RagTag	93.706	143	9	0	13	155	4861321	4861179	3.94e-55	215	KN005_v1
AL1G65230	scaffold_4_RagTag	91.824	159	13	0	1	159	11217850	11217692	2.35e-57	222	KN005_v1
AL2G18220	scaffold_2_RagTag	99.684	316	1	0	1	316	4865515	4865200	2.62e-164	579	KN005_v1
AL2G18220	scaffold_2_RagTag	94.921	315	16	0	1	315	4856830	4856516	9.78e-139	494	KN005_v1
AL2G18220	scaffold_2_RagTag	88.679	318	30	2	2	316	7688977	7688663	2.21e-105	383	KN005_v1
AL2G18220	scaffold_2_RagTag	86.174	311	30	7	9	316	4867153	4866853	1.36e-87	324	KN005_v1
AL2G18220	scaffold_2_RagTag	91.416	233	16	1	84	316	4861327	4861099	2.27e-85	316	KN005_v1
AL2G18220	scaffold_2_RagTag	82.428	313	42	7	9	316	4847893	4847589	1.08e-68	261	KN005_v1
AL2G18220	scaffold_4_RagTag	92.089	316	24	1	1	316	11217926	11217612	9.99e-124	444	KN005_v1
AL2G18240	scaffold_2_RagTag	99.054	317	3	0	1	317	4856831	4856515	1.58e-161	569	KN005_v1
AL2G18240	scaffold_2_RagTag	95.57	316	14	0	1	316	4865516	4865201	1.26e-142	507	KN005_v1
AL2G18240	scaffold_2_RagTag	88.889	306	28	2	3	305	7688977	7688675	4.8e-102	372	KN005_v1
AL2G18240	scaffold_2_RagTag	87.671	292	27	6	10	298	4867153	4866868	8.14e-90	331	KN005_v1
AL2G18240	scaffold_2_RagTag	92.523	214	16	0	85	298	4861327	4861114	1.37e-82	307	KN005_v1
AL2G18240	scaffold_4_RagTag	92.089	316	24	1	1	316	11217927	11217613	1e-123	444	KN005_v1
AL2G18250	scaffold_2_RagTag	99.684	316	1	0	1	316	4847908	4847593	2.62e-164	579	KN005_v1
AL2G18250	scaffold_2_RagTag	82.41	307	45	5	6	304	4865517	4865212	3.88e-68	259	KN005_v1
AL2G18250	scaffold_2_RagTag	82.155	297	46	4	16	305	7688970	7688674	8.41e-65	248	KN005_v1
AL2G18250	scaffold_4_RagTag	87.054	224	29	0	81	304	11217847	11217624	1.81e-66	254	KN005_v1
AL1G65230	scaffold_2_RagTag	100	159	0	0	1	159	7782914	7782756	5.2e-79	294	KN006_v1
AL1G65230	scaffold_2_RagTag	91.824	159	13	0	1	159	4982732	4982574	2.49e-57	222	KN006_v1
AL1G65230	scaffold_2_RagTag	91.195	159	14	0	1	159	4979427	4979269	1.16e-55	217	KN006_v1
AL1G65230	scaffold_2_RagTag	94.326	141	8	0	19	159	4985673	4985533	1.16e-55	217	KN006_v1
AL1G65230	scaffold_2_RagTag	93.617	141	9	0	13	153	4975312	4975172	5.39e-54	211	KN006_v1
AL2G18220	scaffold_2_RagTag	99.684	316	1	0	1	316	4979504	4979189	2.78e-164	579	KN006_v1
AL2G18220	scaffold_2_RagTag	96.203	316	12	0	1	316	4982809	4982494	6.14e-146	518	KN006_v1
AL2G18220	scaffold_2_RagTag	88.679	318	30	2	2	316	7782990	7782676	2.34e-105	383	KN006_v1
AL2G18220	scaffold_2_RagTag	86.174	311	30	7	9	316	4985757	4985457	1.44e-87	324	KN006_v1
AL2G18220	scaffold_2_RagTag	90.987	233	17	1	84	316	4975318	4975090	1.12e-83	311	KN006_v1
AL2G18220	scaffold_2_RagTag	82.428	313	42	7	9	316	4970786	4970482	1.14e-68	261	KN006_v1
AL2G18240	scaffold_2_RagTag	95.57	316	14	0	1	316	4979505	4979190	1.33e-142	507	KN006_v1
AL2G18240	scaffold_2_RagTag	95.253	316	15	0	1	316	4982810	4982495	6.2e-141	501	KN006_v1
AL2G18240	scaffold_2_RagTag	88.889	306	28	2	3	305	7782990	7782688	5.07e-102	372	KN006_v1
AL2G18240	scaffold_2_RagTag	87.671	292	27	6	10	298	4985757	4985472	8.61e-90	331	KN006_v1
AL2G18240	scaffold_2_RagTag	92.056	214	17	0	85	298	4975318	4975105	6.75e-81	302	KN006_v1
AL2G18250	scaffold_2_RagTag	99.684	316	1	0	1	316	4970801	4970486	2.78e-164	579	KN006_v1
AL2G18250	scaffold_2_RagTag	83.172	309	43	5	4	304	4982813	4982506	1.47e-72	274	KN006_v1
AL2G18250	scaffold_2_RagTag	81.759	307	47	5	6	304	4979506	4979201	8.89e-65	248	KN006_v1
AL2G18250	scaffold_2_RagTag	82.155	297	46	4	16	305	7782983	7782687	8.89e-65	248	KN006_v1
AL2G18250	scaffold_2_RagTag	86.55	171	22	1	146	316	4980543	4980374	1.97e-46	187	KN006_v1
AL1G65230	scaffold_2_RagTag	100	159	0	0	1	159	7353670	7353512	5.2e-79	294	MN47_mabs_v3
AL1G65230	scaffold_2_RagTag	91.824	159	13	0	1	159	4765076	4765234	2.49e-57	222	MN47_mabs_v3
AL1G65230	scaffold_2_RagTag	91.824	159	13	0	1	159	4768382	4768540	2.49e-57	222	MN47_mabs_v3
AL1G65230	scaffold_2_RagTag	93.197	147	10	0	13	159	4762113	4762259	1.16e-55	217	MN47_mabs_v3
AL1G65230	scaffold_2_RagTag	91.195	159	14	0	1	159	4775607	4775765	1.16e-55	217	MN47_mabs_v3
AL1G65230	scaffold_2_RagTag	92.617	149	11	0	7	155	4772562	4772710	4.17e-55	215	MN47_mabs_v3
AL1G65230	scaffold_4_RagTag	91.824	159	13	0	1	159	12424812	12424654	2.49e-57	222	MN47_mabs_v3
AL2G18220	scaffold_2_RagTag	100	316	0	0	1	316	4768305	4768620	5.96e-166	584	MN47_mabs_v3
AL2G18220	scaffold_2_RagTag	96.497	314	11	0	1	314	4764999	4765312	1.71e-146	520	MN47_mabs_v3
AL2G18220	scaffold_2_RagTag	95.873	315	13	0	1	315	4775530	4775844	1.03e-143	510	MN47_mabs_v3
AL2G18220	scaffold_2_RagTag	88.679	318	30	2	2	316	7353746	7353432	2.34e-105	383	MN47_mabs_v3
AL2G18220	scaffold_2_RagTag	86.174	311	30	7	9	316	4762035	4762335	1.44e-87	324	MN47_mabs_v3
AL2G18220	scaffold_2_RagTag	91.416	233	16	1	84	316	4772562	4772790	2.4e-85	316	MN47_mabs_v3
AL2G18220	scaffold_2_RagTag	82.109	313	43	7	9	316	4783645	4783949	5.31e-67	255	MN47_mabs_v3
AL2G18220	scaffold_4_RagTag	92.089	316	24	1	1	316	12424888	12424574	1.06e-123	444	MN47_mabs_v3
AL2G18240	scaffold_2_RagTag	100	317	0	0	1	317	4775529	4775845	1.66e-166	586	MN47_mabs_v3
AL2G18240	scaffold_2_RagTag	95.886	316	13	0	1	316	4768304	4768619	2.86e-144	512	MN47_mabs_v3
AL2G18240	scaffold_2_RagTag	96.117	309	12	0	1	309	4764998	4765306	4.79e-142	505	MN47_mabs_v3
AL2G18240	scaffold_2_RagTag	88.889	306	28	2	3	305	7353746	7353444	5.07e-102	372	MN47_mabs_v3
AL2G18240	scaffold_2_RagTag	87.043	301	30	6	1	298	4762026	4762320	8.61e-90	331	MN47_mabs_v3
AL2G18240	scaffold_2_RagTag	92.523	214	16	0	85	298	4772562	4772775	1.45e-82	307	MN47_mabs_v3
AL2G18240	scaffold_4_RagTag	92.089	316	24	1	1	316	12424889	12424575	1.06e-123	444	MN47_mabs_v3
AL2G18250	scaffold_2_RagTag	100	316	0	0	1	316	4783630	4783945	5.96e-166	584	MN47_mabs_v3
AL2G18250	scaffold_2_RagTag	83.495	309	42	5	4	304	4764995	4765302	3.15e-74	279	MN47_mabs_v3
AL2G18250	scaffold_2_RagTag	82.085	307	46	5	6	304	4768303	4768608	1.91e-66	254	MN47_mabs_v3
AL2G18250	scaffold_2_RagTag	82.155	297	46	4	16	305	7353739	7353443	8.89e-65	248	MN47_mabs_v3
AL2G18250	scaffold_2_RagTag	86.55	171	22	1	146	316	4767266	4767435	1.97e-46	187	MN47_mabs_v3
AL2G18250	scaffold_4_RagTag	87.054	224	29	0	81	304	12424809	12424586	1.91e-66	254	MN47_mabs_v3
AL1G65230	scaffold_2_RagTag	100	159	0	0	1	159	7353670	7353512	5.2e-79	294	MN47_v4
AL1G65230	scaffold_2_RagTag	91.824	159	13	0	1	159	4765076	4765234	2.49e-57	222	MN47_v4
AL1G65230	scaffold_2_RagTag	91.824	159	13	0	1	159	4768382	4768540	2.49e-57	222	MN47_v4
AL1G65230	scaffold_2_RagTag	93.197	147	10	0	13	159	4762113	4762259	1.16e-55	217	MN47_v4
AL1G65230	scaffold_2_RagTag	91.195	159	14	0	1	159	4775607	4775765	1.16e-55	217	MN47_v4
AL1G65230	scaffold_2_RagTag	92.617	149	11	0	7	155	4772562	4772710	4.17e-55	215	MN47_v4
AL1G65230	scaffold_4_RagTag	91.824	159	13	0	1	159	12424812	12424654	2.49e-57	222	MN47_v4
AL2G18220	scaffold_2_RagTag	100	316	0	0	1	316	4768305	4768620	5.96e-166	584	MN47_v4
AL2G18220	scaffold_2_RagTag	96.497	314	11	0	1	314	4764999	4765312	1.71e-146	520	MN47_v4
AL2G18220	scaffold_2_RagTag	95.873	315	13	0	1	315	4775530	4775844	1.03e-143	510	MN47_v4
AL2G18220	scaffold_2_RagTag	88.679	318	30	2	2	316	7353746	7353432	2.34e-105	383	MN47_v4
AL2G18220	scaffold_2_RagTag	86.174	311	30	7	9	316	4762035	4762335	1.44e-87	324	MN47_v4
AL2G18220	scaffold_2_RagTag	91.416	233	16	1	84	316	4772562	4772790	2.4e-85	316	MN47_v4
AL2G18220	scaffold_2_RagTag	82.109	313	43	7	9	316	4783645	4783949	5.31e-67	255	MN47_v4
AL2G18220	scaffold_4_RagTag	92.089	316	24	1	1	316	12424888	12424574	1.06e-123	444	MN47_v4
AL2G18240	scaffold_2_RagTag	100	317	0	0	1	317	4775529	4775845	1.66e-166	586	MN47_v4
AL2G18240	scaffold_2_RagTag	95.886	316	13	0	1	316	4768304	4768619	2.86e-144	512	MN47_v4
AL2G18240	scaffold_2_RagTag	96.117	309	12	0	1	309	4764998	4765306	4.79e-142	505	MN47_v4
AL2G18240	scaffold_2_RagTag	88.889	306	28	2	3	305	7353746	7353444	5.07e-102	372	MN47_v4
AL2G18240	scaffold_2_RagTag	87.043	301	30	6	1	298	4762026	4762320	8.61e-90	331	MN47_v4
AL2G18240	scaffold_2_RagTag	92.523	214	16	0	85	298	4772562	4772775	1.45e-82	307	MN47_v4
AL2G18240	scaffold_4_RagTag	92.089	316	24	1	1	316	12424889	12424575	1.06e-123	444	MN47_v4
AL2G18250	scaffold_2_RagTag	100	316	0	0	1	316	4783630	4783945	5.96e-166	584	MN47_v4
AL2G18250	scaffold_2_RagTag	83.495	309	42	5	4	304	4764995	4765302	3.15e-74	279	MN47_v4
AL2G18250	scaffold_2_RagTag	82.085	307	46	5	6	304	4768303	4768608	1.91e-66	254	MN47_v4
AL2G18250	scaffold_2_RagTag	82.155	297	46	4	16	305	7353739	7353443	8.89e-65	248	MN47_v4
AL2G18250	scaffold_2_RagTag	86.55	171	22	1	146	316	4767266	4767435	1.97e-46	187	MN47_v4
AL2G18250	scaffold_4_RagTag	87.054	224	29	0	81	304	12424809	12424586	1.91e-66	254	MN47_v4
AL1G65230	scaffold_2_RagTag	100	159	0	0	1	159	8138389	8138231	5.02e-79	294	Nla.ragtag.scaffold_chr
AL1G65230	scaffold_2_RagTag	92.453	159	12	0	1	159	4324510	4324352	5.16e-59	228	Nla.ragtag.scaffold_chr
AL1G65230	scaffold_2_RagTag	92.453	159	12	0	1	159	5306028	5305870	5.16e-59	228	Nla.ragtag.scaffold_chr
AL1G65230	scaffold_2_RagTag	91.824	159	13	0	1	159	4314022	4313864	2.4e-57	222	Nla.ragtag.scaffold_chr
AL1G65230	scaffold_2_RagTag	91.824	159	13	0	1	159	4321208	4321050	2.4e-57	222	Nla.ragtag.scaffold_chr
AL1G65230	scaffold_2_RagTag	91.824	159	13	0	1	159	5295502	5295344	2.4e-57	222	Nla.ragtag.scaffold_chr
AL1G65230	scaffold_2_RagTag	91.824	159	13	0	1	159	5302721	5302563	2.4e-57	222	Nla.ragtag.scaffold_chr
AL1G65230	scaffold_2_RagTag	93.197	147	10	0	13	159	4317028	4316882	1.12e-55	217	Nla.ragtag.scaffold_chr
AL1G65230	scaffold_2_RagTag	94.326	141	8	0	19	159	4326285	4326145	1.12e-55	217	Nla.ragtag.scaffold_chr
AL1G65230	scaffold_2_RagTag	93.197	147	10	0	13	159	5298508	5298362	1.12e-55	217	Nla.ragtag.scaffold_chr
AL1G65230	scaffold_2_RagTag	94.326	141	8	0	19	159	5307805	5307665	1.12e-55	217	Nla.ragtag.scaffold_chr
AL1G65230	scaffold_2_RagTag	94.326	141	8	0	19	159	5309597	5309457	1.12e-55	217	Nla.ragtag.scaffold_chr
AL1G65230	scaffold_4_RagTag	91.824	159	13	0	1	159	10161077	10160919	2.4e-57	222	Nla.ragtag.scaffold_chr
AL2G18220	scaffold_2_RagTag	99.367	316	2	0	1	316	4321285	4320970	1.25e-162	573	Nla.ragtag.scaffold_chr
AL2G18220	scaffold_2_RagTag	99.367	316	2	0	1	316	5302798	5302483	1.25e-162	573	Nla.ragtag.scaffold_chr
AL2G18220	scaffold_2_RagTag	95.886	316	13	0	1	316	4324587	4324272	2.75e-144	512	Nla.ragtag.scaffold_chr
AL2G18220	scaffold_2_RagTag	95.57	316	14	0	1	316	5306105	5305790	1.28e-142	507	Nla.ragtag.scaffold_chr
AL2G18220	scaffold_2_RagTag	95.556	315	14	0	1	315	4314099	4313785	4.61e-142	505	Nla.ragtag.scaffold_chr
AL2G18220	scaffold_2_RagTag	95.556	315	14	0	1	315	5295579	5295265	4.61e-142	505	Nla.ragtag.scaffold_chr
AL2G18220	scaffold_2_RagTag	88.679	318	30	2	2	316	8138465	8138151	2.25e-105	383	Nla.ragtag.scaffold_chr
AL2G18220	scaffold_2_RagTag	86.174	311	30	7	9	316	4326369	4326069	1.38e-87	324	Nla.ragtag.scaffold_chr
AL2G18220	scaffold_2_RagTag	86.174	311	30	7	9	316	5307889	5307589	1.38e-87	324	Nla.ragtag.scaffold_chr
AL2G18220	scaffold_2_RagTag	86.174	311	30	7	9	316	5309681	5309381	1.38e-87	324	Nla.ragtag.scaffold_chr
AL2G18220	scaffold_2_RagTag	91.845	233	15	1	84	316	4317034	4316806	4.98e-87	322	Nla.ragtag.scaffold_chr
AL2G18220	scaffold_2_RagTag	91.845	233	15	1	84	316	5298514	5298286	4.98e-87	322	Nla.ragtag.scaffold_chr
AL2G18220	scaffold_4_RagTag	92.405	316	23	1	1	316	10161153	10160839	2.19e-125	449	Nla.ragtag.scaffold_chr
AL2G18240	scaffold_2_RagTag	99.685	317	1	0	1	317	4314100	4313784	7.47e-165	580	Nla.ragtag.scaffold_chr
AL2G18240	scaffold_2_RagTag	99.685	317	1	0	1	317	5295580	5295264	7.47e-165	580	Nla.ragtag.scaffold_chr
AL2G18240	scaffold_2_RagTag	95.886	316	13	0	1	316	4321286	4320971	2.76e-144	512	Nla.ragtag.scaffold_chr
AL2G18240	scaffold_2_RagTag	95.886	316	13	0	1	316	5302799	5302484	2.76e-144	512	Nla.ragtag.scaffold_chr
AL2G18240	scaffold_2_RagTag	95.253	316	15	0	1	316	5306106	5305791	5.98e-141	501	Nla.ragtag.scaffold_chr
AL2G18240	scaffold_2_RagTag	94.937	316	16	0	1	316	4324588	4324273	2.78e-139	496	Nla.ragtag.scaffold_chr
AL2G18240	scaffold_2_RagTag	88.889	306	28	2	3	305	8138465	8138163	4.89e-102	372	Nla.ragtag.scaffold_chr
AL2G18240	scaffold_2_RagTag	87.671	292	27	6	10	298	4326369	4326084	8.3e-90	331	Nla.ragtag.scaffold_chr
AL2G18240	scaffold_2_RagTag	87.671	292	27	6	10	298	5307889	5307604	8.3e-90	331	Nla.ragtag.scaffold_chr
AL2G18240	scaffold_2_RagTag	87.671	292	27	6	10	298	5309681	5309396	8.3e-90	331	Nla.ragtag.scaffold_chr
AL2G18240	scaffold_2_RagTag	92.991	214	15	0	85	298	4317034	4316821	3.01e-84	313	Nla.ragtag.scaffold_chr
AL2G18240	scaffold_2_RagTag	92.991	214	15	0	85	298	5298514	5298301	3.01e-84	313	Nla.ragtag.scaffold_chr
AL2G18240	scaffold_4_RagTag	92.405	316	23	1	1	316	10161154	10160840	2.2e-125	449	Nla.ragtag.scaffold_chr
AL2G18250	scaffold_2_RagTag	98.734	316	4	0	1	316	4311251	4310936	2.7e-159	562	Nla.ragtag.scaffold_chr
AL2G18250	scaffold_2_RagTag	98.734	316	4	0	1	316	5292731	5292416	2.7e-159	562	Nla.ragtag.scaffold_chr
AL2G18250	scaffold_2_RagTag	84.333	300	41	4	4	298	4317118	4316820	5.05e-77	289	Nla.ragtag.scaffold_chr
AL2G18250	scaffold_2_RagTag	84.333	300	41	4	4	298	5298598	5298300	5.05e-77	289	Nla.ragtag.scaffold_chr
AL2G18250	scaffold_2_RagTag	82.848	309	44	5	4	304	4324591	4324284	6.58e-71	268	Nla.ragtag.scaffold_chr
AL2G18250	scaffold_2_RagTag	82.848	309	44	6	4	304	5306109	5305802	6.58e-71	268	Nla.ragtag.scaffold_chr
AL2G18250	scaffold_2_RagTag	82.736	307	44	5	6	304	5302800	5302495	8.51e-70	265	Nla.ragtag.scaffold_chr
AL2G18250	scaffold_2_RagTag	82.085	307	46	5	6	304	4321287	4320982	1.84e-66	254	Nla.ragtag.scaffold_chr
AL2G18250	scaffold_2_RagTag	82.155	297	46	4	16	305	8138458	8138162	8.57e-65	248	Nla.ragtag.scaffold_chr
AL2G18250	scaffold_2_RagTag	86.875	160	20	1	157	316	5303826	5303668	1.14e-43	178	Nla.ragtag.scaffold_chr
AL2G18250	scaffold_4_RagTag	87.5	224	28	0	81	304	10161074	10160851	3.96e-68	259	Nla.ragtag.scaffold_chr
AL1G65230	scaffold_2	100	159	0	0	1	159	6693275	6693117	5.02e-79	294	NT1_v2
AL1G65230	scaffold_2	91.824	159	13	0	1	159	4581019	4580861	2.4e-57	222	NT1_v2
AL1G65230	scaffold_2	95.035	141	7	0	19	159	4601217	4601077	2.4e-57	222	NT1_v2
AL1G65230	scaffold_2	91.195	159	14	0	1	159	4599586	4599428	1.12e-55	217	NT1_v2
AL1G65230	scaffold_2	93.706	143	9	0	13	155	4584054	4583912	4.02e-55	215	NT1_v2
AL1G65230	scaffold_4	92.453	159	12	0	1	159	12897385	12897227	5.16e-59	228	NT1_v2
AL2G18220	scaffold_2	99.684	316	1	0	1	316	4599663	4599348	2.68e-164	579	NT1_v2
AL2G18220	scaffold_2	95.556	315	14	0	1	315	4581096	4580782	4.61e-142	505	NT1_v2
AL2G18220	scaffold_2	88.679	318	30	2	2	316	6693351	6693037	2.25e-105	383	NT1_v2
AL2G18220	scaffold_2	85.852	311	31	7	9	316	4601301	4601001	6.45e-86	318	NT1_v2
AL2G18220	scaffold_2	91.416	233	16	1	84	316	4584060	4583832	2.32e-85	316	NT1_v2
AL2G18220	scaffold_4	92.405	316	23	1	1	316	12897461	12897147	2.19e-125	449	NT1_v2
AL2G18240	scaffold_2	99.685	317	1	0	1	317	4581097	4580781	7.47e-165	580	NT1_v2
AL2G18240	scaffold_2	95.57	316	14	0	1	316	4599664	4599349	1.29e-142	507	NT1_v2
AL2G18240	scaffold_2	88.889	306	28	2	3	305	6693351	6693049	4.89e-102	372	NT1_v2
AL2G18240	scaffold_2	87.329	292	28	6	10	298	4601301	4601016	3.86e-88	326	NT1_v2
AL2G18240	scaffold_2	92.523	214	16	0	85	298	4584060	4583847	1.4e-82	307	NT1_v2
AL2G18240	scaffold_4	93.038	316	21	1	1	316	12897462	12897148	1.02e-128	460	NT1_v2
AL2G18250	scaffold_2	99.051	316	3	0	1	316	4578232	4577917	5.8e-161	568	NT1_v2
AL2G18250	scaffold_2	82.41	307	45	5	6	304	4599665	4599360	3.96e-68	259	NT1_v2
AL2G18250	scaffold_2	82.155	297	46	4	16	305	6693344	6693048	8.58e-65	248	NT1_v2
AL2G18250	scaffold_4	84.173	278	34	9	35	304	12897434	12897159	1.1e-68	261	NT1_v2
AL1G65230	scaffold_2_RagTag	100	159	0	0	1	159	8253396	8253238	5.4e-79	294	NT12_v2
AL1G65230	scaffold_2_RagTag	91.824	159	13	0	1	159	5552420	5552262	2.59e-57	222	NT12_v2
AL1G65230	scaffold_2_RagTag	91.824	159	13	0	1	159	5555846	5555688	2.59e-57	222	NT12_v2
AL1G65230	scaffold_2_RagTag	93.197	147	10	0	13	159	5548300	5548154	1.2e-55	217	NT12_v2
AL1G65230	scaffold_2_RagTag	94.326	141	8	0	19	159	5557327	5557187	1.2e-55	217	NT12_v2
AL1G65230	scaffold_4_RagTag	91.824	159	13	0	1	159	11893767	11893609	2.59e-57	222	NT12_v2
AL2G18220	scaffold_2_RagTag	99.367	316	2	0	1	316	5552497	5552182	1.34e-162	573	NT12_v2
AL2G18220	scaffold_2_RagTag	95.886	316	13	0	1	316	5555923	5555608	2.97e-144	512	NT12_v2
AL2G18220	scaffold_2_RagTag	88.679	318	30	2	2	316	8253472	8253158	2.43e-105	383	NT12_v2
AL2G18220	scaffold_2_RagTag	86.174	311	30	7	9	316	5557411	5557111	1.49e-87	324	NT12_v2
AL2G18220	scaffold_2_RagTag	85.897	312	29	8	9	316	5548378	5548078	6.94e-86	318	NT12_v2
AL2G18220	scaffold_2_RagTag	82.828	297	42	5	9	304	5513525	5513237	1.53e-67	257	NT12_v2
AL2G18220	scaffold_4_RagTag	92.089	316	24	1	1	316	11893843	11893529	1.1e-123	444	NT12_v2
AL2G18240	scaffold_2_RagTag	96.203	316	12	0	1	316	5552498	5552183	6.4e-146	518	NT12_v2
AL2G18240	scaffold_2_RagTag	94.937	316	16	0	1	316	5555924	5555609	3e-139	496	NT12_v2
AL2G18240	scaffold_2_RagTag	88.889	306	28	2	3	305	8253472	8253170	5.27e-102	372	NT12_v2
AL2G18240	scaffold_2_RagTag	87.671	292	27	6	10	298	5557411	5557126	8.94e-90	331	NT12_v2
AL2G18240	scaffold_2_RagTag	85.806	310	31	8	10	316	5548378	5548079	2.5e-85	316	NT12_v2
AL2G18240	scaffold_4_RagTag	92.089	316	24	1	1	316	11893844	11893530	1.1e-123	444	NT12_v2
AL2G18250	scaffold_2_RagTag	98.734	316	4	0	1	316	5513540	5513225	2.9e-159	562	NT12_v2
AL2G18250	scaffold_2_RagTag	82.848	309	44	5	4	304	5555927	5555620	7.09e-71	268	NT12_v2
AL2G18250	scaffold_2_RagTag	82.41	307	45	5	6	304	5552499	5552194	4.27e-68	259	NT12_v2
AL2G18250	scaffold_2_RagTag	82.155	297	46	4	16	305	8253465	8253169	9.23e-65	248	NT12_v2
AL2G18250	scaffold_2_RagTag	86.55	171	22	1	146	316	5553655	5553486	2.04e-46	187	NT12_v2
AL2G18250	scaffold_4_RagTag	87.054	224	29	0	81	304	11893764	11893541	1.98e-66	254	NT12_v2
AL1G65230	scaffold_2_RagTag	99.371	159	1	0	1	159	8413402	8413244	2.49e-77	289	NT8_v2_fix
AL1G65230	scaffold_2_RagTag	91.824	159	13	0	1	159	5529175	5529017	2.56e-57	222	NT8_v2_fix
AL1G65230	scaffold_2_RagTag	91.824	159	13	0	1	159	5533877	5533719	2.56e-57	222	NT8_v2_fix
AL1G65230	scaffold_2_RagTag	94.326	141	8	0	19	159	5535392	5535252	1.19e-55	217	NT8_v2_fix
AL1G65230	scaffold_2_RagTag	92.517	147	11	0	13	159	5525045	5524899	5.55e-54	211	NT8_v2_fix
AL1G65230	scaffold_2_RagTag	89.51	143	13	2	19	159	5481258	5481116	1.56e-44	180	NT8_v2_fix
AL1G65230	scaffold_2_RagTag	85.938	128	18	0	32	159	5479994	5479867	9.55e-32	137	NT8_v2_fix
AL1G65230	scaffold_4_RagTag	91.824	159	13	0	1	159	13134815	13134657	2.56e-57	222	NT8_v2_fix
AL2G18220	scaffold_2_RagTag	99.684	316	1	0	1	316	5529252	5528937	2.86e-164	579	NT8_v2_fix
AL2G18220	scaffold_2_RagTag	96.203	316	12	0	1	316	5533954	5533639	6.32e-146	518	NT8_v2_fix
AL2G18220	scaffold_2_RagTag	88.679	318	30	2	2	316	8413478	8413164	2.4e-105	383	NT8_v2_fix
AL2G18220	scaffold_2_RagTag	86.174	311	30	7	9	316	5535476	5535176	1.48e-87	324	NT8_v2_fix
AL2G18220	scaffold_2_RagTag	85.897	312	29	8	9	316	5525123	5524823	6.88e-86	318	NT8_v2_fix
AL2G18220	scaffold_4_RagTag	92.089	316	24	1	1	316	13134891	13134577	1.09e-123	444	NT8_v2_fix
AL2G18240	scaffold_2_RagTag	96.203	316	12	0	1	316	5529253	5528938	6.34e-146	518	NT8_v2_fix
AL2G18240	scaffold_2_RagTag	95.253	316	15	0	1	316	5533955	5533640	6.38e-141	501	NT8_v2_fix
AL2G18240	scaffold_2_RagTag	88.889	306	28	2	3	305	8413478	8413176	5.22e-102	372	NT8_v2_fix
AL2G18240	scaffold_2_RagTag	87.671	292	27	6	10	298	5535476	5535191	8.86e-90	331	NT8_v2_fix
AL2G18240	scaffold_2_RagTag	86.301	292	31	7	10	298	5525123	5524838	4.15e-83	309	NT8_v2_fix
AL2G18240	scaffold_2_RagTag	84.228	298	37	7	11	305	5481338	5481048	9.06e-75	281	NT8_v2_fix
AL2G18240	scaffold_4_RagTag	92.089	316	24	1	1	316	13134892	13134578	1.09e-123	444	NT8_v2_fix
AL2G18250	scaffold_2_RagTag	97.452	314	8	0	3	316	5480100	5479787	1.74e-151	536	NT8_v2_fix
AL2G18250	scaffold_2_RagTag	83.838	297	39	5	16	304	5533946	5533651	1.51e-72	274	NT8_v2_fix
AL2G18250	scaffold_2_RagTag	82.41	307	45	5	6	304	5529254	5528949	4.23e-68	259	NT8_v2_fix
AL2G18250	scaffold_2_RagTag	82.155	297	46	4	16	305	8413471	8413175	9.15e-65	248	NT8_v2_fix
AL2G18250	scaffold_2_RagTag	85.965	171	23	1	146	316	5531687	5531518	9.42e-45	182	NT8_v2_fix
AL2G18250	scaffold_4_RagTag	87.054	224	29	0	81	304	13134812	13134589	1.97e-66	254	NT8_v2_fix
AL1G65230	scaffold_2_RagTag	100	159	0	0	1	159	14263733	14263891	5.37e-79	294	NT9_v2
AL1G65230	scaffold_2_RagTag	92.453	159	12	0	1	159	5758530	5758372	5.52e-59	228	NT9_v2
AL1G65230	scaffold_2_RagTag	91.824	159	13	0	1	159	5766218	5766060	2.57e-57	222	NT9_v2
AL1G65230	scaffold_2_RagTag	91.824	159	13	0	1	159	5771364	5771206	2.57e-57	222	NT9_v2
AL1G65230	scaffold_2_RagTag	93.197	147	10	0	13	159	5762168	5762022	1.19e-55	217	NT9_v2
AL1G65230	scaffold_2_RagTag	94.326	141	8	0	19	159	5772880	5772740	1.19e-55	217	NT9_v2
AL1G65230	scaffold_4_RagTag	91.824	159	13	0	1	159	12174309	12174151	2.57e-57	222	NT9_v2
AL2G18220	scaffold_2_RagTag	99.051	316	3	0	1	316	5766295	5765980	6.2e-161	568	NT9_v2
AL2G18220	scaffold_2_RagTag	96.519	316	11	0	1	316	5771441	5771126	1.36e-147	523	NT9_v2
AL2G18220	scaffold_2_RagTag	95.238	315	15	0	1	315	5758607	5758293	2.29e-140	499	NT9_v2
AL2G18220	scaffold_2_RagTag	88.679	318	30	2	2	316	14263657	14263971	2.41e-105	383	NT9_v2
AL2G18220	scaffold_2_RagTag	86.174	311	30	7	9	316	5772964	5772664	1.48e-87	324	NT9_v2
AL2G18220	scaffold_2_RagTag	91.845	233	15	1	84	316	5762174	5761946	5.33e-87	322	NT9_v2
AL2G18220	scaffold_2_RagTag	83.165	297	41	5	9	304	5755582	5755294	3.27e-69	263	NT9_v2
AL2G18220	scaffold_4_RagTag	92.405	316	23	1	1	316	12174385	12174071	2.34e-125	449	NT9_v2
AL2G18240	scaffold_2_RagTag	98.738	317	4	0	1	317	5758608	5758292	8.04e-160	564	NT9_v2
AL2G18240	scaffold_2_RagTag	96.203	316	12	0	1	316	5766296	5765981	6.35e-146	518	NT9_v2
AL2G18240	scaffold_2_RagTag	95.57	316	14	0	1	316	5771442	5771127	1.37e-142	507	NT9_v2
AL2G18240	scaffold_2_RagTag	88.889	306	28	2	3	305	14263657	14263959	5.23e-102	372	NT9_v2
AL2G18240	scaffold_2_RagTag	87.671	292	27	6	10	298	5772964	5772679	8.88e-90	331	NT9_v2
AL2G18240	scaffold_2_RagTag	92.991	214	15	0	85	298	5762174	5761961	3.22e-84	313	NT9_v2
AL2G18240	scaffold_4_RagTag	92.405	316	23	1	1	316	12174386	12174072	2.35e-125	449	NT9_v2
AL2G18250	scaffold_2_RagTag	99.051	316	3	0	1	316	5755597	5755282	6.2e-161	568	NT9_v2
AL2G18250	scaffold_2_RagTag	84.437	302	37	7	4	298	5762258	5761960	5.4e-77	289	NT9_v2
AL2G18250	scaffold_2_RagTag	83.495	309	42	5	4	304	5771445	5771138	3.25e-74	279	NT9_v2
AL2G18250	scaffold_2_RagTag	82.155	297	46	4	16	305	14263664	14263960	9.17e-65	248	NT9_v2
AL2G18250	scaffold_2_RagTag	84.242	165	25	1	146	310	5767327	5767164	4.42e-38	159	NT9_v2
AL2G18250	scaffold_4_RagTag	84.892	278	32	8	35	304	12174358	12174083	5.44e-72	272	NT9_v2
AL1G65230	scaffold_2	100	159	0	0	1	159	8733256	8733098	5.33e-79	294	PU6_v3_fin
AL1G65230	scaffold_2	91.824	159	13	0	1	159	6113707	6113549	2.55e-57	222	PU6_v3_fin
AL1G65230	scaffold_2	93.197	147	10	0	13	159	6108150	6108004	1.19e-55	217	PU6_v3_fin
AL1G65230	scaffold_2	91.195	159	14	0	1	159	6115738	6115580	1.19e-55	217	PU6_v3_fin
AL1G65230	scaffold_2	94.326	141	8	0	19	159	6117254	6117114	1.19e-55	217	PU6_v3_fin
AL1G65230	scaffold_2	85.938	128	18	0	32	159	6102550	6102423	9.51e-32	137	PU6_v3_fin
AL1G65230	scaffold_4	91.824	159	13	0	1	159	10678462	10678304	2.55e-57	222	PU6_v3_fin
AL2G18220	scaffold_2	99.051	316	3	0	1	316	6113784	6113469	6.16e-161	568	PU6_v3_fin
AL2G18220	scaffold_2	95.886	316	13	0	1	316	6115815	6115500	2.93e-144	512	PU6_v3_fin
AL2G18220	scaffold_2	94.603	315	16	1	1	315	6105585	6105272	1.77e-136	486	PU6_v3_fin
AL2G18220	scaffold_2	88.679	318	30	2	2	316	8733332	8733018	2.4e-105	383	PU6_v3_fin
AL2G18220	scaffold_2	86.495	311	29	7	9	316	6117338	6117038	3.16e-89	329	PU6_v3_fin
AL2G18220	scaffold_2	91.845	233	15	1	84	316	6108156	6107928	5.3e-87	322	PU6_v3_fin
AL2G18220	scaffold_4	91.456	316	26	1	1	316	10678538	10678224	2.34e-120	433	PU6_v3_fin
AL2G18240	scaffold_2	98.107	317	5	1	1	317	6105586	6105271	6.23e-156	551	PU6_v3_fin
AL2G18240	scaffold_2	95.57	316	14	0	1	316	6113785	6113470	1.37e-142	507	PU6_v3_fin
AL2G18240	scaffold_2	94.937	316	16	0	1	316	6115816	6115501	2.96e-139	496	PU6_v3_fin
AL2G18240	scaffold_2	88.889	306	28	2	3	305	8733332	8733030	5.2e-102	372	PU6_v3_fin
AL2G18240	scaffold_2	88.014	292	26	6	10	298	6117338	6117053	1.9e-91	337	PU6_v3_fin
AL2G18240	scaffold_2	92.991	214	15	0	85	298	6108156	6107943	3.2e-84	313	PU6_v3_fin
AL2G18240	scaffold_4	91.456	316	26	1	1	316	10678539	10678225	2.35e-120	433	PU6_v3_fin
AL2G18250	scaffold_2	97.468	316	8	0	1	316	6102658	6102343	1.34e-152	540	PU6_v3_fin
AL2G18250	scaffold_2	84.333	300	41	4	4	298	6108240	6107942	5.37e-77	289	PU6_v3_fin
AL2G18250	scaffold_2	84.175	297	38	5	16	304	6115807	6115512	3.23e-74	279	PU6_v3_fin
AL2G18250	scaffold_2	82.085	307	46	5	6	304	6113786	6113481	1.96e-66	254	PU6_v3_fin
AL2G18250	scaffold_2	82.155	297	46	4	16	305	8733325	8733029	9.12e-65	248	PU6_v3_fin
AL2G18250	scaffold_4	87.054	224	29	0	81	304	10678459	10678236	1.96e-66	254	PU6_v3_fin
AL1G65230	scaffold_2_RagTag	100	159	0	0	1	159	8415360	8415202	5.28e-79	294	TE11_v2
AL1G65230	scaffold_2_RagTag	100	159	0	0	1	159	8452101	8451943	5.28e-79	294	TE11_v2
AL1G65230	scaffold_2_RagTag	91.824	159	13	0	1	159	5556648	5556490	2.53e-57	222	TE11_v2
AL1G65230	scaffold_2_RagTag	91.824	159	13	0	1	159	5559952	5559794	2.53e-57	222	TE11_v2
AL1G65230	scaffold_2_RagTag	94.326	141	8	0	19	159	5561468	5561328	1.17e-55	217	TE11_v2
AL1G65230	scaffold_2_RagTag	90.566	159	15	0	1	159	5548277	5548119	5.47e-54	211	TE11_v2
AL1G65230	scaffold_2_RagTag	92.517	147	11	0	13	159	5552445	5552299	5.47e-54	211	TE11_v2
AL1G65230	scaffold_4_RagTag	91.195	159	14	0	1	159	11542080	11541922	1.17e-55	217	TE11_v2
AL2G18220	scaffold_2_RagTag	98.734	316	4	0	1	316	5556725	5556410	2.84e-159	562	TE11_v2
AL2G18220	scaffold_2_RagTag	96.519	316	11	0	1	316	5560029	5559714	1.34e-147	523	TE11_v2
AL2G18220	scaffold_2_RagTag	94.286	315	16	2	1	315	5548353	5548041	8.17e-135	481	TE11_v2
AL2G18220	scaffold_2_RagTag	88.679	318	30	2	2	316	8452177	8451863	2.37e-105	383	TE11_v2
AL2G18220	scaffold_2_RagTag	88.05	318	32	2	2	316	8415436	8415122	5.13e-102	372	TE11_v2
AL2G18220	scaffold_2_RagTag	86.174	311	30	7	9	316	5561552	5561252	1.46e-87	324	TE11_v2
AL2G18220	scaffold_2_RagTag	91.416	233	16	1	84	316	5552451	5552223	2.44e-85	316	TE11_v2
AL2G18220	scaffold_2_RagTag	81.126	302	43	6	9	304	5545518	5545225	3.27e-59	230	TE11_v2
AL2G18220	scaffold_4_RagTag	92.089	316	24	1	1	316	11542156	11541842	1.07e-123	444	TE11_v2
AL2G18240	scaffold_2_RagTag	97.792	317	5	2	1	317	5548354	5548040	2.87e-154	545	TE11_v2
AL2G18240	scaffold_2_RagTag	95.886	316	13	0	1	316	5556726	5556411	2.91e-144	512	TE11_v2
AL2G18240	scaffold_2_RagTag	95.57	316	14	0	1	316	5560030	5559715	1.35e-142	507	TE11_v2
AL2G18240	scaffold_2_RagTag	88.889	306	28	2	3	305	8452177	8451875	5.15e-102	372	TE11_v2
AL2G18240	scaffold_2_RagTag	88.235	306	30	2	3	305	8415436	8415134	1.11e-98	361	TE11_v2
AL2G18240	scaffold_2_RagTag	87.671	292	27	6	10	298	5561552	5561267	8.73e-90	331	TE11_v2
AL2G18240	scaffold_2_RagTag	92.523	214	16	0	85	298	5552451	5552238	1.47e-82	307	TE11_v2
AL2G18240	scaffold_4_RagTag	92.089	316	24	1	1	316	11542157	11541843	1.08e-123	444	TE11_v2
AL2G18250	scaffold_2_RagTag	96.885	321	5	1	1	316	5545533	5545213	2.22e-150	532	TE11_v2
AL2G18250	scaffold_2_RagTag	84.106	302	38	7	4	298	5552535	5552237	2.47e-75	283	TE11_v2
AL2G18250	scaffold_2_RagTag	83.495	309	42	5	4	304	5560033	5559726	3.2e-74	279	TE11_v2
AL2G18250	scaffold_2_RagTag	82.155	297	46	4	16	305	8452170	8451874	9.02e-65	248	TE11_v2
AL2G18250	scaffold_2_RagTag	81.481	297	48	4	16	305	8415429	8415133	1.95e-61	237	TE11_v2
AL2G18250	scaffold_2_RagTag	83.636	165	26	1	146	310	5557757	5557594	2.02e-36	154	TE11_v2
AL2G18250	scaffold_4_RagTag	84.532	278	33	8	35	304	11542129	11541854	2.49e-70	267	TE11_v2
AL1G65230	scaffold_2_RagTag:113346-24308598	100	159	0	0	1	159	8330598	8330440	5.34e-79	294	TE4_v1
AL1G65230	scaffold_2_RagTag:113346-24308598	91.824	159	13	0	1	159	5344817	5344659	2.56e-57	222	TE4_v1
AL1G65230	scaffold_2_RagTag:113346-24308598	93.197	147	10	0	13	159	5333829	5333683	1.19e-55	217	TE4_v1
AL1G65230	scaffold_2_RagTag:113346-24308598	93.197	147	10	0	13	159	5336934	5336788	1.19e-55	217	TE4_v1
AL1G65230	scaffold_2_RagTag:113346-24308598	94.326	141	8	0	19	159	5346610	5346470	1.19e-55	217	TE4_v1
AL2G18220	scaffold_2_RagTag:113346-24308598	99.367	316	2	0	1	316	5341583	5341268	1.33e-162	573	TE4_v1
AL2G18220	scaffold_2_RagTag:113346-24308598	96.519	316	11	0	1	316	5344894	5344579	1.36e-147	523	TE4_v1
AL2G18220	scaffold_2_RagTag:113346-24308598	94.603	315	16	1	1	315	5333917	5333604	1.78e-136	486	TE4_v1
AL2G18220	scaffold_2_RagTag:113346-24308598	88.679	318	30	2	2	316	8330674	8330360	2.4e-105	383	TE4_v1
AL2G18220	scaffold_2_RagTag:113346-24308598	86.174	311	30	7	9	316	5346694	5346394	1.48e-87	324	TE4_v1
AL2G18220	scaffold_2_RagTag:113346-24308598	91.845	233	15	3	84	316	5336940	5336712	5.31e-87	322	TE4_v1
AL2G18220	scaffold_2_RagTag:113346-24308598	82.109	313	43	7	9	316	5331578	5331274	5.46e-67	255	TE4_v1
AL2G18220	scaffold_4_RagTag:329527-26177039	91.798	317	24	2	1	316	12947463	12947148	1.4e-122	440	TE4_v1
AL2G18240	scaffold_2_RagTag:113346-24308598	98.107	317	5	1	1	317	5333918	5333603	6.24e-156	551	TE4_v1
AL2G18240	scaffold_2_RagTag:113346-24308598	95.886	316	13	0	1	316	5341584	5341269	2.94e-144	512	TE4_v1
AL2G18240	scaffold_2_RagTag:113346-24308598	95.57	316	14	0	1	316	5344895	5344580	1.37e-142	507	TE4_v1
AL2G18240	scaffold_2_RagTag:113346-24308598	88.889	306	28	2	3	305	8330674	8330372	5.21e-102	372	TE4_v1
AL2G18240	scaffold_2_RagTag:113346-24308598	87.671	292	27	6	10	298	5346694	5346409	8.85e-90	331	TE4_v1
AL2G18240	scaffold_2_RagTag:113346-24308598	90.948	232	17	3	85	316	5336940	5336713	4.14e-83	309	TE4_v1
AL2G18240	scaffold_4_RagTag:329527-26177039	91.798	317	24	2	1	316	12947464	12947149	1.41e-122	440	TE4_v1
AL2G18250	scaffold_2_RagTag:113346-24308598	98.734	316	4	0	1	316	5331593	5331278	2.87e-159	562	TE4_v1
AL2G18250	scaffold_2_RagTag:113346-24308598	84.106	302	38	7	4	298	5337024	5336726	2.5e-75	283	TE4_v1
AL2G18250	scaffold_2_RagTag:113346-24308598	83.495	309	42	5	4	304	5344898	5344591	3.24e-74	279	TE4_v1
AL2G18250	scaffold_2_RagTag:113346-24308598	82.085	307	46	5	6	304	5341585	5341280	1.96e-66	254	TE4_v1
AL2G18250	scaffold_2_RagTag:113346-24308598	82.155	297	46	4	16	305	8330667	8330371	9.13e-65	248	TE4_v1
AL2G18250	scaffold_2_RagTag:113346-24308598	86.55	171	22	1	146	316	5342622	5342453	2.02e-46	187	TE4_v1
AL2G18250	scaffold_4_RagTag:329527-26177039	86.667	225	29	1	81	304	12947384	12947160	9.13e-65	248	TE4_v1
AL1G65230	scaffold_2_RagTag:0-23605790	99.371	159	1	0	1	159	7840229	7840071	2.47e-77	289	TE8_v1
AL1G65230	scaffold_2_RagTag:0-23605790	91.824	159	13	0	1	159	5337846	5337688	2.54e-57	222	TE8_v1
AL1G65230	scaffold_2_RagTag:0-23605790	93.197	147	10	0	13	159	5319521	5319375	1.18e-55	217	TE8_v1
AL1G65230	scaffold_2_RagTag:0-23605790	91.195	159	14	0	1	159	5329540	5329382	1.18e-55	217	TE8_v1
AL1G65230	scaffold_2_RagTag:0-23605790	91.195	159	14	0	1	159	5334495	5334337	1.18e-55	217	TE8_v1
AL1G65230	scaffold_2_RagTag:0-23605790	94.326	141	8	0	19	159	5339362	5339222	1.18e-55	217	TE8_v1
AL1G65230	scaffold_2_RagTag:0-23605790	90.566	159	15	0	1	159	5316790	5316632	5.51e-54	211	TE8_v1
AL2G18220	scaffold_2_RagTag:0-23605790	98.734	316	4	0	1	316	5329617	5329302	2.86e-159	562	TE8_v1
AL2G18220	scaffold_2_RagTag:0-23605790	98.734	316	4	0	1	316	5334572	5334257	2.86e-159	562	TE8_v1
AL2G18220	scaffold_2_RagTag:0-23605790	96.519	316	11	0	1	316	5337923	5337608	1.35e-147	523	TE8_v1
AL2G18220	scaffold_2_RagTag:0-23605790	94.286	315	16	2	1	315	5316866	5316554	8.23e-135	481	TE8_v1
AL2G18220	scaffold_2_RagTag:0-23605790	88.05	318	32	2	2	316	7840305	7839991	5.17e-102	372	TE8_v1
AL2G18220	scaffold_2_RagTag:0-23605790	86.174	311	30	7	9	316	5339446	5339146	1.47e-87	324	TE8_v1
AL2G18220	scaffold_2_RagTag:0-23605790	91.416	233	16	1	84	316	5319527	5319299	2.46e-85	316	TE8_v1
AL2G18220	scaffold_2_RagTag:0-23605790	81.457	302	42	6	9	304	5307616	5307323	7.07e-61	235	TE8_v1
AL2G18220	scaffold_4_RagTag:825599-25061996	91.798	317	24	2	1	316	11516933	11516618	1.4e-122	440	TE8_v1
AL2G18240	scaffold_2_RagTag:0-23605790	97.792	317	5	2	1	317	5316867	5316553	2.89e-154	545	TE8_v1
AL2G18240	scaffold_2_RagTag:0-23605790	95.886	316	13	0	1	316	5329618	5329303	2.93e-144	512	TE8_v1
AL2G18240	scaffold_2_RagTag:0-23605790	95.886	316	13	0	1	316	5334573	5334258	2.93e-144	512	TE8_v1
AL2G18240	scaffold_2_RagTag:0-23605790	95.57	316	14	0	1	316	5337924	5337609	1.36e-142	507	TE8_v1
AL2G18240	scaffold_2_RagTag:0-23605790	88.235	306	30	2	3	305	7840305	7840003	1.12e-98	361	TE8_v1
AL2G18240	scaffold_2_RagTag:0-23605790	87.671	292	27	6	10	298	5339446	5339161	8.8e-90	331	TE8_v1
AL2G18240	scaffold_2_RagTag:0-23605790	92.523	214	16	0	85	298	5319527	5319314	1.48e-82	307	TE8_v1
AL2G18240	scaffold_4_RagTag:825599-25061996	91.798	317	24	2	1	316	11516934	11516619	1.4e-122	440	TE8_v1
AL2G18250	scaffold_2_RagTag:0-23605790	97.196	321	4	1	1	316	5307631	5307311	4.81e-152	538	TE8_v1
AL2G18250	scaffold_2_RagTag:0-23605790	84.768	302	36	7	4	298	5319611	5319313	1.15e-78	294	TE8_v1
AL2G18250	scaffold_2_RagTag:0-23605790	83.495	309	42	5	4	304	5337927	5337620	3.22e-74	279	TE8_v1
AL2G18250	scaffold_2_RagTag:0-23605790	81.818	297	47	4	16	305	7840298	7840002	4.23e-63	243	TE8_v1
AL2G18250	scaffold_2_RagTag:0-23605790	84.242	165	25	1	146	310	5330654	5330491	4.38e-38	159	TE8_v1
AL2G18250	scaffold_2_RagTag:0-23605790	84.242	165	25	1	146	310	5335609	5335446	4.38e-38	159	TE8_v1
AL2G18250	scaffold_4_RagTag:825599-25061996	86.667	225	29	1	81	304	11516854	11516630	9.09e-65	248	TE8_v1
AL1G65230	scaffold_2_RagTag	100	159	0	0	1	159	8365923	8365765	5.15e-79	294	WS1_v2_s
AL1G65230	scaffold_2_RagTag	91.824	159	13	0	1	159	5304136	5303978	2.47e-57	222	WS1_v2_s
AL1G65230	scaffold_2_RagTag	91.25	160	12	2	1	159	5307446	5307288	1.15e-55	217	WS1_v2_s
AL1G65230	scaffold_2_RagTag	94.326	141	8	0	19	159	5308962	5308822	1.15e-55	217	WS1_v2_s
AL1G65230	scaffold_2_RagTag	92.517	147	11	0	13	159	5300025	5299879	5.34e-54	211	WS1_v2_s
AL1G65230	scaffold_2_RagTag	85.938	128	18	0	32	159	5270730	5270603	9.19e-32	137	WS1_v2_s
AL1G65230	scaffold_4_RagTag	93.75	144	9	0	16	159	8590949	8590806	1.15e-55	217	WS1_v2_s
AL2G18220	scaffold_2_RagTag	99.051	316	3	0	1	316	5304213	5303898	5.95e-161	568	WS1_v2_s
AL2G18220	scaffold_2_RagTag	95.57	316	14	0	1	316	5307523	5307208	1.32e-142	507	WS1_v2_s
AL2G18220	scaffold_2_RagTag	87.421	318	31	5	2	316	8365999	8365688	1.4e-97	357	WS1_v2_s
AL2G18220	scaffold_2_RagTag	86.174	311	30	7	9	316	5309046	5308746	1.42e-87	324	WS1_v2_s
AL2G18220	scaffold_2_RagTag	85.897	312	29	8	9	316	5300103	5299803	6.61e-86	318	WS1_v2_s
AL2G18220	scaffold_4_RagTag	90.506	316	20	5	1	316	8591031	8590726	3.82e-113	409	WS1_v2_s
AL2G18240	scaffold_2_RagTag	95.57	316	14	0	1	316	5304214	5303899	1.32e-142	507	WS1_v2_s
AL2G18240	scaffold_2_RagTag	94.62	316	17	0	1	316	5307524	5307209	1.33e-137	490	WS1_v2_s
AL2G18240	scaffold_2_RagTag	87.908	306	28	4	3	305	8365999	8365700	6.54e-96	351	WS1_v2_s
AL2G18240	scaffold_2_RagTag	87.671	292	27	6	10	298	5309046	5308761	8.53e-90	331	WS1_v2_s
AL2G18240	scaffold_2_RagTag	86.007	293	30	8	10	298	5300103	5299818	1.86e-81	303	WS1_v2_s
AL2G18240	scaffold_4_RagTag	89.873	316	22	5	1	316	8591032	8590727	8.29e-110	398	WS1_v2_s
AL2G18250	scaffold_2_RagTag	97.452	314	8	0	3	316	5270836	5270523	1.68e-151	536	WS1_v2_s
AL2G18250	scaffold_2_RagTag	83.838	297	39	5	16	304	5307515	5307220	1.45e-72	274	WS1_v2_s
AL2G18250	scaffold_2_RagTag	82.085	307	46	5	6	304	5304215	5303910	1.89e-66	254	WS1_v2_s
AL2G18250	scaffold_2_RagTag	81.481	297	45	5	16	305	8365992	8365699	6.85e-61	235	WS1_v2_s
AL2G18250	scaffold_4_RagTag	84.559	272	35	7	35	304	8591004	8590738	3.14e-69	263	WS1_v2_s
