qseqid	sseqid	pident	length	mismatch	gapopen	qstart	qend	sstart	send	evalue	bitscore	stitle
AL1G37820	scaffold_1_RagTag	91.108	2103	98	35	1	2034	10443612	10445694	0	2765	73_3a_fixed_genome_15_1_24
AL1G37820	scaffold_1_RagTag	80.312	513	80	13	1530	2025	10446827	10447335	5.87e-100	368	73_3a_fixed_genome_15_1_24
AL1G37820	scaffold_1_RagTag	87.719	114	5	2	912	1025	10444616	10444720	1.4e-26	124	73_3a_fixed_genome_15_1_24
AL1G37820	scaffold_1_RagTag	86.842	114	6	4	981	1085	10444547	10444660	6.53e-25	119	73_3a_fixed_genome_15_1_24
AL1G37820	scaffold_1_RagTag	88.298	94	9	2	2121	2213	10555985	10556077	1.09e-22	111	73_3a_fixed_genome_15_1_24
AL1G37820	scaffold_1_RagTag	80.556	108	5	10	2169	2269	10447474	10447572	6.67e-10	69.4	73_3a_fixed_genome_15_1_24
AL1G37850	scaffold_1_RagTag	92.067	2080	98	34	16	2054	10443753	10445806	0	2865	73_3a_fixed_genome_15_1_24
AL1G37850	scaffold_1_RagTag	92.126	127	7	2	2054	2178	10445840	10445965	5.14e-42	176	73_3a_fixed_genome_15_1_24
AL1G37850	scaffold_1_RagTag	87.407	135	12	2	3019	3148	14579605	14579739	3.11e-34	150	73_3a_fixed_genome_15_1_24
AL1G37850	scaffold_1_RagTag	87.719	114	5	2	803	916	10444616	10444720	1.89e-26	124	73_3a_fixed_genome_15_1_24
AL1G37850	scaffold_1_RagTag	86.842	114	6	4	872	976	10444547	10444660	8.78e-25	119	73_3a_fixed_genome_15_1_24
AL1G37850	scaffold_5_RagTag	88.406	138	9	4	3008	3139	13212292	13212156	5.17e-37	159	73_3a_fixed_genome_15_1_24
AL1G37850	scaffold_5_RagTag	84.733	131	12	7	3016	3139	10946192	10946063	1.89e-26	124	73_3a_fixed_genome_15_1_24
AL1G37850	scaffold_5_RagTag	87.037	108	10	1	3045	3148	11225637	11225744	8.78e-25	119	73_3a_fixed_genome_15_1_24
AL1G37850	scaffold_6_RagTag	87.681	138	10	4	3008	3139	11305471	11305607	2.41e-35	154	73_3a_fixed_genome_15_1_24
AL1G37850	scaffold_6_RagTag	89.744	117	6	3	3030	3140	17373458	17373574	1.45e-32	145	73_3a_fixed_genome_15_1_24
AL1G37850	scaffold_8_RagTag	87.5	136	12	2	3018	3148	1091984	1092119	8.65e-35	152	73_3a_fixed_genome_15_1_24
AL1G37850	scaffold_8_RagTag	83.673	147	17	6	3008	3148	13356852	13356707	1.13e-28	132	73_3a_fixed_genome_15_1_24
AL1G37850	scaffold_8_RagTag	83.673	147	17	4	3008	3148	20204698	20204553	1.13e-28	132	73_3a_fixed_genome_15_1_24
AL1G37850	scaffold_3_RagTag	86.131	137	13	3	3018	3148	32942688	32942552	5.21e-32	143	73_3a_fixed_genome_15_1_24
AL1G37850	scaffold_3_RagTag	89.189	111	4	4	3021	3124	17871770	17871661	1.13e-28	132	73_3a_fixed_genome_15_1_24
AL1G37850	scaffold_3_RagTag	89.72	107	5	3	3055	3157	19083931	19084035	1.13e-28	132	73_3a_fixed_genome_15_1_24
AL1G37850	scaffold_4_RagTag	78.155	206	26	6	3193	3380	16484537	16484741	4.08e-23	113	73_3a_fixed_genome_15_1_24
AL1G38110	scaffold_1_RagTag	82.167	443	43	23	87	524	17059115	17058704	3.85e-94	348	73_3a_fixed_genome_15_1_24
AL1G38110	scaffold_1_RagTag	81.432	447	44	24	87	524	10534651	10535067	1.39e-88	329	73_3a_fixed_genome_15_1_24
AL1G38110	scaffold_1_RagTag	97.041	169	3	1	1	167	10544716	10544884	1.1e-74	283	73_3a_fixed_genome_15_1_24
AL1G38110	scaffold_1_RagTag	75.58	647	104	36	675	1303	10541740	10542350	8.57e-71	270	73_3a_fixed_genome_15_1_24
AL1G38110	scaffold_1_RagTag	73.099	342	71	18	949	1284	10529141	10529467	3.31e-20	102	73_3a_fixed_genome_15_1_24
AL1G38110	scaffold_1_RagTag	100	31	0	0	610	640	10544572	10544602	7.26e-07	58.4	73_3a_fixed_genome_15_1_24
AL1G38110	scaffold_4_RagTag	81.716	443	45	23	87	524	2494884	2494473	8.33e-91	337	73_3a_fixed_genome_15_1_24
AL1G38130	scaffold_1_RagTag	90.244	164	8	2	34	189	10555057	10555220	5.22e-52	207	73_3a_fixed_genome_15_1_24
AL1G38130	scaffold_1_RagTag	75.85	294	49	10	641	931	10542007	10542281	1.16e-28	130	73_3a_fixed_genome_15_1_24
AL1G38130	scaffold_1_RagTag	79.592	147	22	7	641	784	10529136	10529277	3.27e-19	99	73_3a_fixed_genome_15_1_24
AL3G41480	scaffold_4_RagTag	78.125	384	53	16	362	725	2491400	2491772	3.63e-54	215	73_3a_fixed_genome_15_1_24
AL3G41480	scaffold_1_RagTag	78.125	384	53	16	362	725	17055667	17056039	3.63e-54	215	73_3a_fixed_genome_15_1_24
AL3G41480	scaffold_1_RagTag	77.749	382	59	17	362	725	10537670	10537297	4.7e-53	211	73_3a_fixed_genome_15_1_24
AL3G41480	scaffold_1_RagTag	74.32	331	58	17	409	734	10445482	10445174	3.79e-24	115	73_3a_fixed_genome_15_1_24
AL3G41490	scaffold_1_RagTag	76.577	222	44	6	362	581	10537670	10537455	2.16e-24	115	73_3a_fixed_genome_15_1_24
AL3G41490	scaffold_1_RagTag	75.33	227	44	7	362	585	17055667	17055884	2.17e-19	99	73_3a_fixed_genome_15_1_24
AL3G41490	scaffold_1_RagTag	79.137	139	24	5	409	546	10445482	10445348	3.64e-17	91.6	73_3a_fixed_genome_15_1_24
AL3G41490	scaffold_4_RagTag	75.33	227	44	7	362	585	2491400	2491617	2.17e-19	99	73_3a_fixed_genome_15_1_24
AL3G41560	scaffold_4_RagTag	78.125	384	53	16	402	765	2491772	2491400	3.4e-54	215	73_3a_fixed_genome_15_1_24
AL3G41560	scaffold_1_RagTag	78.125	384	53	16	402	765	17056039	17055667	3.4e-54	215	73_3a_fixed_genome_15_1_24
AL3G41560	scaffold_1_RagTag	77.749	382	59	17	402	765	10537297	10537670	4.4e-53	211	73_3a_fixed_genome_15_1_24
AL3G41560	scaffold_1_RagTag	74.32	331	58	17	393	718	10445174	10445482	3.55e-24	115	73_3a_fixed_genome_15_1_24
AL1G37820	scaffold_1_RagTag	92.731	1637	76	21	438	2034	10445602	10447235	0	2324	AL08_v2_f
AL1G37820	scaffold_1_RagTag	92.308	390	18	8	368	747	10451835	10452222	8.34e-153	544	AL08_v2_f
AL1G37820	scaffold_1_RagTag	89.034	383	15	10	10	370	10443846	10444223	1.87e-124	449	AL08_v2_f
AL1G37820	scaffold_1_RagTag	80.156	514	79	15	1530	2025	10448175	10448683	2.51e-98	363	AL08_v2_f
AL1G37820	scaffold_1_RagTag	87.719	114	5	3	912	1025	10446157	10446261	1.29e-26	124	AL08_v2_f
AL1G37820	scaffold_1_RagTag	86.607	112	6	4	981	1083	10446088	10446199	7.75e-24	115	AL08_v2_f
AL1G37820	scaffold_1_RagTag	88.298	94	9	2	2121	2213	10555769	10555861	1e-22	111	AL08_v2_f
AL1G37850	scaffold_1_RagTag	92.67	1760	81	26	329	2054	10445602	10447347	0	2492	AL08_v2_f
AL1G37850	scaffold_1_RagTag	92.564	390	17	8	259	638	10451835	10452222	2.41e-154	549	AL08_v2_f
AL1G37850	scaffold_1_RagTag	92.188	256	10	4	16	261	10443968	10444223	2.03e-95	353	AL08_v2_f
AL1G37850	scaffold_1_RagTag	81.061	264	18	16	2054	2311	10447381	10447618	1.01e-43	182	AL08_v2_f
AL1G37850	scaffold_1_RagTag	87.719	114	5	3	803	916	10446157	10446261	1.73e-26	124	AL08_v2_f
AL1G37850	scaffold_1_RagTag	86.607	112	6	4	872	974	10446088	10446199	1.04e-23	115	AL08_v2_f
AL1G37850	scaffold_8_RagTag	86.765	136	13	2	3018	3148	1067165	1067300	3.69e-33	147	AL08_v2_f
AL1G37850	scaffold_4_RagTag	86.232	138	14	4	3016	3148	10385064	10384927	1.33e-32	145	AL08_v2_f
AL1G37850	scaffold_6_RagTag	88.793	116	7	3	3030	3139	18075838	18075953	2.22e-30	137	AL08_v2_f
AL1G37850	scaffold_3_RagTag	84.354	147	16	4	3008	3148	1753238	1753093	2.22e-30	137	AL08_v2_f
AL1G37850	scaffold_2_RagTag	88.596	114	5	4	3018	3124	12537567	12537679	1.03e-28	132	AL08_v2_f
AL1G37850	scaffold_2_RagTag	88.596	114	5	4	3018	3124	12542069	12542181	1.03e-28	132	AL08_v2_f
AL1G38110	scaffold_4_RagTag	83.976	493	56	10	50	524	10674595	10675082	2.61e-125	451	AL08_v2_f
AL1G38110	scaffold_4_RagTag	96.296	54	2	0	2	55	10674454	10674507	2.36e-16	89.8	AL08_v2_f
AL1G38110	scaffold_1_RagTag	82.167	443	43	23	87	524	16752752	16752341	3.53e-94	348	AL08_v2_f
AL1G38110	scaffold_1_RagTag	81.614	446	44	23	87	524	10538857	10539272	2.75e-90	335	AL08_v2_f
AL1G38110	scaffold_1_RagTag	95.732	164	5	1	1	162	10546266	10546429	1.31e-68	263	AL08_v2_f
AL1G38110	scaffold_1_RagTag	73.512	336	70	18	949	1278	10533744	10534066	1.81e-22	110	AL08_v2_f
AL1G38110	scaffold_1_RagTag	100	30	0	0	611	640	10546122	10546151	2.39e-06	56.5	AL08_v2_f
AL1G38130	scaffold_1_RagTag	90.244	164	8	2	34	189	10554839	10555002	4.78e-52	207	AL08_v2_f
AL1G38130	scaffold_1_RagTag	80.272	147	23	6	641	784	10533739	10533882	1.79e-21	106	AL08_v2_f
AL3G41480	scaffold_1_RagTag	78.125	384	53	16	362	725	16749292	16749664	3.33e-54	215	AL08_v2_f
AL3G41480	scaffold_1_RagTag	77.807	383	56	19	362	725	10541874	10541502	1.55e-52	209	AL08_v2_f
AL3G41480	scaffold_1_RagTag	74.32	331	58	17	409	734	10447023	10446715	3.48e-24	115	AL08_v2_f
AL3G41480	scaffold_1_RagTag	80.556	72	13	1	434	505	10542545	10542475	7.69e-06	54.7	AL08_v2_f
AL3G41490	scaffold_1_RagTag	76.682	223	41	8	362	581	10541874	10541660	7.12e-24	113	AL08_v2_f
AL3G41490	scaffold_1_RagTag	75.33	227	44	7	362	585	16749292	16749509	1.99e-19	99	AL08_v2_f
AL3G41490	scaffold_1_RagTag	79.137	139	24	5	409	546	10447023	10446889	3.34e-17	91.6	AL08_v2_f
AL3G41490	scaffold_1_RagTag	80.556	72	13	1	434	505	10542545	10542475	4.38e-06	54.7	AL08_v2_f
AL3G41560	scaffold_1_RagTag	78.125	384	53	16	402	765	16749664	16749292	3.12e-54	215	AL08_v2_f
AL3G41560	scaffold_1_RagTag	77.807	383	56	19	402	765	10541502	10541874	1.45e-52	209	AL08_v2_f
AL3G41560	scaffold_1_RagTag	74.32	331	58	17	393	718	10446715	10447023	3.26e-24	115	AL08_v2_f
AL3G41560	scaffold_1_RagTag	80.556	72	13	1	622	693	10542475	10542545	7.2e-06	54.7	AL08_v2_f
AL1G37820	scaffold_1_RagTag	91.175	2085	90	35	1	2019	11881197	11883253	0	2745	al1_v2_s
AL1G37820	scaffold_1_RagTag	87.719	114	5	2	912	1025	11882200	11882304	1.43e-26	124	al1_v2_s
AL1G37820	scaffold_1_RagTag	86.842	114	6	4	981	1085	11882131	11882244	6.67e-25	119	al1_v2_s
AL1G37820	scaffold_1_RagTag	86.916	107	11	3	2121	2225	12015985	12016090	2.4e-24	117	al1_v2_s
AL1G37820	scaffold_2_RagTag	82.783	424	57	13	1530	1946	7078030	7077616	7.76e-99	364	al1_v2_s
AL1G37850	scaffold_1_RagTag	96.27	3566	72	27	16	3542	11881338	11884881	0	5792	al1_v2_s
AL1G37850	scaffold_1_RagTag	83.673	147	17	4	3008	3148	13554646	13554791	1.15e-28	132	al1_v2_s
AL1G37850	scaffold_1_RagTag	87.719	114	5	2	803	916	11882200	11882304	1.93e-26	124	al1_v2_s
AL1G37850	scaffold_1_RagTag	86.842	114	6	4	872	976	11882131	11882244	8.96e-25	119	al1_v2_s
AL1G37850	scaffold_3_RagTag	88.406	138	9	4	3008	3139	18592215	18592079	5.28e-37	159	al1_v2_s
AL1G37850	scaffold_3_RagTag	86.765	136	13	2	3018	3148	24581728	24581593	4.11e-33	147	al1_v2_s
AL1G37850	scaffold_3_RagTag	86.131	137	13	5	3018	3148	20937980	20937844	5.32e-32	143	al1_v2_s
AL1G37850	scaffold_8_RagTag	88.189	127	9	2	3019	3139	15078057	15078183	4.11e-33	147	al1_v2_s
AL1G37850	scaffold_2_RagTag	83.673	147	17	4	3008	3148	8285010	8285155	1.15e-28	132	al1_v2_s
AL1G38110	scaffold_1_RagTag	98.138	1343	21	2	1	1341	11991190	11992530	0	2338	al1_v2_s
AL1G38110	scaffold_1_RagTag	90.652	1027	74	13	283	1304	11995095	11996104	0	1345	al1_v2_s
AL1G38110	scaffold_1_RagTag	81.879	447	41	23	87	524	11983839	11984254	6.57e-92	340	al1_v2_s
AL1G38110	scaffold_1_RagTag	81.295	139	24	2	949	1087	11974314	11974450	5.61e-23	111	al1_v2_s
AL1G38110	scaffold_1_RagTag	73.203	306	71	6	589	891	11882759	11883056	1.21e-19	100	al1_v2_s
AL1G38110	scaffold_4_RagTag	84.787	493	52	10	50	524	11342937	11343424	6.21e-132	473	al1_v2_s
AL1G38110	scaffold_4_RagTag	96.296	54	2	0	2	55	11342794	11342847	2.63e-16	89.8	al1_v2_s
AL1G38130	scaffold_1_RagTag	96.562	960	11	4	1	943	11995092	11996046	0	1570	al1_v2_s
AL1G38130	scaffold_1_RagTag	93.832	762	34	4	190	943	11991679	11992435	0	1134	al1_v2_s
AL1G38130	scaffold_1_RagTag	90.244	164	8	2	34	189	12015055	12015218	5.33e-52	207	al1_v2_s
AL1G38130	scaffold_1_RagTag	98.925	93	1	0	941	1033	11988977	11988885	9.04e-40	167	al1_v2_s
AL1G38130	scaffold_1_RagTag	80.556	144	26	2	641	784	11974309	11974450	1.54e-22	110	al1_v2_s
AL3G41480	scaffold_1_RagTag	79.293	792	126	15	1	785	11992487	11991727	7.02e-146	520	al1_v2_s
AL3G41480	scaffold_1_RagTag	78.815	793	128	11	1	785	11996098	11995338	3.29e-139	497	al1_v2_s
AL3G41480	scaffold_1_RagTag	77.807	383	56	19	362	725	11986861	11986489	1.73e-52	209	al1_v2_s
AL3G41480	scaffold_1_RagTag	78.788	99	18	3	623	720	11987333	11987237	1.42e-08	63.9	al1_v2_s
AL3G41490	scaffold_1_RagTag	78.283	594	103	11	1	585	11996098	11995522	9.23e-98	359	al1_v2_s
AL3G41490	scaffold_1_RagTag	76.682	223	41	8	362	581	11986861	11986647	7.93e-24	113	al1_v2_s
AL3G41490	scaffold_1_RagTag	80.556	72	13	1	434	505	11987532	11987462	4.88e-06	54.7	al1_v2_s
AL3G41560	scaffold_1_RagTag	76.838	1088	167	43	78	1126	11991446	11992487	2.35e-150	534	al1_v2_s
AL3G41560	scaffold_1_RagTag	78.941	793	127	12	342	1126	11995338	11996098	6.63e-141	503	al1_v2_s
AL3G41560	scaffold_1_RagTag	77.807	383	56	19	402	765	11986489	11986861	1.62e-52	209	al1_v2_s
AL3G41560	scaffold_1_RagTag	78.788	99	18	3	407	504	11987237	11987333	1.33e-08	63.9	al1_v2_s
AL1G37820	scaffold_1_RagTag	90.223	2107	116	44	10	2034	10499359	10501457	0	2667	AL27_v1
AL1G37820	scaffold_1_RagTag	88.5	1087	88	19	981	2040	10504955	10506031	0	1280	AL27_v1
AL1G37820	scaffold_1_RagTag	91.904	667	33	14	368	1025	10504405	10505059	0	913	AL27_v1
AL1G37820	scaffold_1_RagTag	91.445	526	43	1	1114	1639	10514931	10515454	0	721	AL27_v1
AL1G37820	scaffold_1_RagTag	91.837	392	28	1	1472	1863	10515462	10515849	8.38e-153	544	AL27_v1
AL1G37820	scaffold_1_RagTag	76.766	835	105	42	1041	1866	10527972	10528726	5.37e-105	385	AL27_v1
AL1G37820	scaffold_1_RagTag	80.312	513	80	13	1530	2025	10502590	10503098	5.41e-100	368	AL27_v1
AL1G37820	scaffold_1_RagTag	79.851	402	56	17	377	762	10527457	10527849	1.57e-70	270	AL27_v1
AL1G37820	scaffold_1_RagTag	91.018	167	11	3	1876	2040	10520361	10520525	4.46e-56	222	AL27_v1
AL1G37820	scaffold_1_RagTag	88.136	177	11	6	2038	2207	10526821	10526994	5.81e-50	202	AL27_v1
AL1G37820	scaffold_1_RagTag	87.719	114	5	4	912	1025	10500379	10500483	1.29e-26	124	AL27_v1
AL1G37820	scaffold_1_RagTag	86.842	114	6	4	981	1085	10500310	10500423	6.02e-25	119	AL27_v1
AL1G37820	scaffold_1_RagTag	89.362	94	8	2	2121	2213	10649047	10649139	2.16e-24	117	AL27_v1
AL1G37820	scaffold_1_RagTag	82.075	106	5	10	2169	2269	10503237	10503333	1.02e-12	78.7	AL27_v1
AL1G37820	scaffold_1_RagTag	81.553	103	7	6	2170	2269	10529112	10529205	1.32e-11	75	AL27_v1
AL1G37850	scaffold_1_RagTag	90.771	2102	117	43	16	2054	10499482	10501569	0	2736	AL27_v1
AL1G37850	scaffold_1_RagTag	84.74	1422	133	45	872	2253	10504955	10506332	0	1347	AL27_v1
AL1G37850	scaffold_1_RagTag	92.054	667	32	14	259	916	10504405	10505059	0	918	AL27_v1
AL1G37850	scaffold_1_RagTag	91.264	538	45	1	1005	1542	10514931	10515466	0	732	AL27_v1
AL1G37850	scaffold_1_RagTag	79.091	880	70	49	1483	2311	10513352	10514168	6.87e-140	501	AL27_v1
AL1G37850	scaffold_1_RagTag	89.896	386	36	2	1363	1748	10515462	10515844	1.15e-137	494	AL27_v1
AL1G37850	scaffold_1_RagTag	76.94	915	115	47	932	1829	10527972	10528807	2.54e-119	433	AL27_v1
AL1G37850	scaffold_1_RagTag	80.1	402	55	17	268	653	10527457	10527849	4.54e-72	276	AL27_v1
AL1G37850	scaffold_1_RagTag	89.349	169	9	4	2356	2523	10514255	10514415	2.17e-50	204	AL27_v1
AL1G37850	scaffold_1_RagTag	81.061	264	18	16	2054	2311	10501603	10501840	1.02e-43	182	AL27_v1
AL1G37850	scaffold_1_RagTag	92.308	130	1	3	2403	2523	10514511	10514640	4.73e-42	176	AL27_v1
AL1G37850	scaffold_1_RagTag	90.226	133	6	5	2740	2872	10531061	10531186	2.85e-39	167	AL27_v1
AL1G37850	scaffold_1_RagTag	84.397	141	9	6	2615	2755	10530917	10531044	4.83e-27	126	AL27_v1
AL1G37850	scaffold_1_RagTag	87.719	114	5	4	803	916	10500379	10500483	1.74e-26	124	AL27_v1
AL1G37850	scaffold_1_RagTag	86.842	114	6	4	872	976	10500310	10500423	8.09e-25	119	AL27_v1
AL1G37850	scaffold_1_RagTag	88.406	69	8	0	1974	2042	10526814	10526882	2.95e-14	84.2	AL27_v1
AL1G37850	scaffold_3_RagTag	85.401	137	14	5	3018	3148	21436602	21436466	2.23e-30	137	AL27_v1
AL1G37850	scaffold_8_RagTag	88.889	108	8	1	3045	3148	639384	639491	3.74e-28	130	AL27_v1
AL1G37850	scaffold_8_RagTag	94.286	70	4	0	3079	3148	961495	961564	1.75e-21	108	AL27_v1
AL1G37850	scaffold_8_RagTag	80.952	147	16	6	3008	3148	5094750	5094610	6.3e-21	106	AL27_v1
AL1G37850	scaffold_6_RagTag	83.942	137	17	2	3020	3151	17560450	17560314	4.83e-27	126	AL27_v1
AL1G37850	scaffold_6_RagTag	84.091	132	13	4	3018	3148	18096270	18096146	2.25e-25	121	AL27_v1
AL1G37850	scaffold_4_RagTag	78.641	206	25	6	3193	3380	15341429	15341633	8.09e-25	119	AL27_v1
AL1G38110	scaffold_4_RagTag	84.584	493	53	10	50	524	10484885	10485372	2.61e-130	468	AL27_v1
AL1G38110	scaffold_1_RagTag	82.167	443	43	23	87	524	21258745	21259156	3.54e-94	348	AL27_v1
AL1G38110	scaffold_1_RagTag	81.473	448	42	24	87	524	10623320	10623736	1.28e-88	329	AL27_v1
AL1G38110	scaffold_1_RagTag	79.747	158	28	2	740	897	10505665	10505818	5.06e-23	111	AL27_v1
AL1G38110	scaffold_1_RagTag	73.099	342	71	18	949	1284	10618562	10618888	3.05e-20	102	AL27_v1
AL1G38110	scaffold_1_RagTag	78.07	114	21	3	589	700	10515355	10515466	3.09e-10	69.4	AL27_v1
AL1G38130	scaffold_1_RagTag	94.03	335	6	7	1	323	10631548	10631880	9.16e-139	496	AL27_v1
AL1G38130	scaffold_1_RagTag	90.244	164	8	2	34	189	10648117	10648280	4.8e-52	207	AL27_v1
AL1G38130	scaffold_1_RagTag	79.592	147	22	7	641	784	10618557	10618698	3.02e-19	99	AL27_v1
AL3G41480	scaffold_1_RagTag	78.125	384	53	16	362	725	10626370	10625998	3.35e-54	215	AL27_v1
AL3G41480	scaffold_1_RagTag	78.125	384	53	16	362	725	21262190	21261818	3.35e-54	215	AL27_v1
AL3G41480	scaffold_1_RagTag	74.32	331	58	17	409	734	10501245	10500937	3.49e-24	115	AL27_v1
AL3G41490	scaffold_1_RagTag	75.33	227	44	7	362	585	10626370	10626153	2e-19	99	AL27_v1
AL3G41490	scaffold_1_RagTag	75.33	227	44	7	362	585	21262190	21261973	2e-19	99	AL27_v1
AL3G41490	scaffold_1_RagTag	79.137	139	24	5	409	546	10501245	10501111	3.35e-17	91.6	AL27_v1
AL3G41560	scaffold_1_RagTag	78.125	384	53	16	402	765	10625998	10626370	3.14e-54	215	AL27_v1
AL3G41560	scaffold_1_RagTag	78.125	384	53	16	402	765	21261818	21262190	3.14e-54	215	AL27_v1
AL3G41560	scaffold_1_RagTag	74.32	331	58	17	393	718	10500937	10501245	3.27e-24	115	AL27_v1
AL1G37820	scaffold_1	90.469	2109	111	36	1	2040	9051614	9049527	0	2699	ALR.ragtag.scaffold_chr_15_1_24.masked
AL1G37820	scaffold_1	79.735	528	86	13	1530	2040	9048380	9047857	2.71e-98	363	ALR.ragtag.scaffold_chr_15_1_24.masked
AL1G37820	scaffold_1	87.719	114	5	4	912	1025	9050611	9050507	1.39e-26	124	ALR.ragtag.scaffold_chr_15_1_24.masked
AL1G37820	scaffold_1	87.719	114	5	4	981	1085	9050680	9050567	1.39e-26	124	ALR.ragtag.scaffold_chr_15_1_24.masked
AL1G37820	scaffold_1	87.629	97	10	2	2121	2216	8879769	8879674	1.08e-22	111	ALR.ragtag.scaffold_chr_15_1_24.masked
AL1G37820	scaffold_1	80.556	108	5	10	2169	2269	9047733	9047635	6.62e-10	69.4	ALR.ragtag.scaffold_chr_15_1_24.masked
AL1G37850	scaffold_1	91.49	2080	109	35	16	2054	9051473	9049421	0	2798	ALR.ragtag.scaffold_chr_15_1_24.masked
AL1G37850	scaffold_1	84.387	269	15	10	2054	2311	9049387	9049135	6.41e-61	239	ALR.ragtag.scaffold_chr_15_1_24.masked
AL1G37850	scaffold_1	89.051	137	9	2	3018	3148	7194478	7194614	1.1e-38	165	ALR.ragtag.scaffold_chr_15_1_24.masked
AL1G37850	scaffold_1	87.719	114	5	4	803	916	9050611	9050507	1.87e-26	124	ALR.ragtag.scaffold_chr_15_1_24.masked
AL1G37850	scaffold_1	87.719	114	5	4	872	976	9050680	9050567	1.87e-26	124	ALR.ragtag.scaffold_chr_15_1_24.masked
AL1G37850	scaffold_8	86.765	136	13	2	3018	3148	1058846	1058981	4e-33	147	ALR.ragtag.scaffold_chr_15_1_24.masked
AL1G37850	scaffold_8	84	150	17	4	3008	3151	11938139	11937991	2.41e-30	137	ALR.ragtag.scaffold_chr_15_1_24.masked
AL1G37850	scaffold_7	84.354	147	16	4	3008	3148	15448731	15448876	2.41e-30	137	ALR.ragtag.scaffold_chr_15_1_24.masked
AL1G37850	scaffold_3	85.401	137	14	3	3018	3148	18806686	18806550	2.41e-30	137	ALR.ragtag.scaffold_chr_15_1_24.masked
AL1G37850	scaffold_5	84.733	131	12	7	3016	3139	14660740	14660611	1.87e-26	124	ALR.ragtag.scaffold_chr_15_1_24.masked
AL1G37850	scaffold_5	84.466	103	13	3	3193	3295	17434109	17434208	1.13e-18	99	ALR.ragtag.scaffold_chr_15_1_24.masked
AL1G37850	scaffold_5	84.466	103	13	3	3193	3295	17461656	17461755	1.13e-18	99	ALR.ragtag.scaffold_chr_15_1_24.masked
AL1G37850	scaffold_4	78.155	206	26	6	3193	3380	12254768	12254972	4.05e-23	113	ALR.ragtag.scaffold_chr_15_1_24.masked
AL1G38110	scaffold_2	84.082	490	55	10	53	524	10015812	10015328	2.83e-125	451	ALR.ragtag.scaffold_chr_15_1_24.masked
AL1G38110	scaffold_2	96.296	54	2	0	2	55	10015957	10015904	2.55e-16	89.8	ALR.ragtag.scaffold_chr_15_1_24.masked
AL1G38110	scaffold_4	82.167	443	43	23	87	524	1510072	1509661	3.82e-94	348	ALR.ragtag.scaffold_chr_15_1_24.masked
AL1G38110	scaffold_4	75.078	642	109	33	678	1303	1502459	1501853	3.08e-65	252	ALR.ragtag.scaffold_chr_15_1_24.masked
AL1G38110	scaffold_1	81.432	447	44	24	87	524	8943095	8942679	1.38e-88	329	ALR.ragtag.scaffold_chr_15_1_24.masked
AL1G38110	scaffold_1	95.567	203	6	2	1	200	8935671	8935469	2.31e-86	322	ALR.ragtag.scaffold_chr_15_1_24.masked
AL1G38110	scaffold_1	77.778	351	49	17	282	623	8897431	8897101	2.45e-46	189	ALR.ragtag.scaffold_chr_15_1_24.masked
AL1G38110	scaffold_1	77.778	351	49	17	282	623	8922371	8922041	2.45e-46	189	ALR.ragtag.scaffold_chr_15_1_24.masked
AL1G38110	scaffold_1	73.684	342	71	18	949	1284	8948122	8947794	4.22e-24	115	ALR.ragtag.scaffold_chr_15_1_24.masked
AL1G38110	scaffold_1	100	31	0	0	610	640	8935815	8935785	7.2e-07	58.4	ALR.ragtag.scaffold_chr_15_1_24.masked
AL1G38130	scaffold_1	94.26	331	7	8	4	323	8897430	8897101	9.86e-139	496	ALR.ragtag.scaffold_chr_15_1_24.masked
AL1G38130	scaffold_1	94.26	331	7	8	4	323	8922370	8922041	9.86e-139	496	ALR.ragtag.scaffold_chr_15_1_24.masked
AL1G38130	scaffold_1	90.244	164	8	2	34	189	8880700	8880537	5.18e-52	207	ALR.ragtag.scaffold_chr_15_1_24.masked
AL1G38130	scaffold_1	80.272	147	23	6	641	784	8948127	8947984	1.94e-21	106	ALR.ragtag.scaffold_chr_15_1_24.masked
AL1G38130	scaffold_4	75.51	294	50	10	641	931	1502196	1501922	5.36e-27	124	ALR.ragtag.scaffold_chr_15_1_24.masked
AL3G41480	scaffold_4	78.125	384	53	16	362	725	1506557	1506929	3.61e-54	215	ALR.ragtag.scaffold_chr_15_1_24.masked
AL3G41480	scaffold_1	77.807	383	56	19	362	725	8940077	8940449	1.68e-52	209	ALR.ragtag.scaffold_chr_15_1_24.masked
AL3G41480	scaffold_1	74.32	331	58	17	409	734	9049745	9050053	3.76e-24	115	ALR.ragtag.scaffold_chr_15_1_24.masked
AL3G41480	scaffold_1	80.556	72	13	1	434	505	8939406	8939476	8.32e-06	54.7	ALR.ragtag.scaffold_chr_15_1_24.masked
AL3G41490	scaffold_1	76.682	223	41	8	362	581	8940077	8940291	7.71e-24	113	ALR.ragtag.scaffold_chr_15_1_24.masked
AL3G41490	scaffold_1	79.137	139	24	5	409	546	9049745	9049879	3.61e-17	91.6	ALR.ragtag.scaffold_chr_15_1_24.masked
AL3G41490	scaffold_1	80.556	72	13	1	434	505	8939406	8939476	4.74e-06	54.7	ALR.ragtag.scaffold_chr_15_1_24.masked
AL3G41490	scaffold_4	75.33	227	44	7	362	585	1506557	1506774	2.16e-19	99	ALR.ragtag.scaffold_chr_15_1_24.masked
AL3G41560	scaffold_4	78.125	384	53	16	402	765	1506929	1506557	3.38e-54	215	ALR.ragtag.scaffold_chr_15_1_24.masked
AL3G41560	scaffold_1	77.807	383	56	19	402	765	8940449	8940077	1.57e-52	209	ALR.ragtag.scaffold_chr_15_1_24.masked
AL3G41560	scaffold_1	74.32	331	58	17	393	718	9050053	9049745	3.53e-24	115	ALR.ragtag.scaffold_chr_15_1_24.masked
AL3G41560	scaffold_1	80.556	72	13	1	622	693	8939476	8939406	7.79e-06	54.7	ALR.ragtag.scaffold_chr_15_1_24.masked
AL1G37820	scaffold_1_RagTag	91.16	2104	94	34	1	2034	11423188	11425269	0	2771	BAM12_v2
AL1G37820	scaffold_1_RagTag	90.807	805	65	5	982	1783	11446509	11447307	0	1068	BAM12_v2
AL1G37820	scaffold_1_RagTag	94.839	465	15	6	368	826	11434432	11434893	0	717	BAM12_v2
AL1G37820	scaffold_1_RagTag	82.927	287	32	8	1768	2040	11447344	11447627	3.78e-62	243	BAM12_v2
AL1G37820	scaffold_1_RagTag	86.928	153	11	3	873	1025	11446469	11446612	3.03e-38	163	BAM12_v2
AL1G37820	scaffold_1_RagTag	87.719	114	5	4	981	1085	11424122	11424235	1.43e-26	124	BAM12_v2
AL1G37820	scaffold_1_RagTag	87.719	114	5	4	912	1025	11424191	11424295	1.43e-26	124	BAM12_v2
AL1G37820	scaffold_1_RagTag	89.024	82	7	2	2121	2201	11601355	11601435	2.41e-19	100	BAM12_v2
AL1G37850	scaffold_1_RagTag	92.163	2080	95	35	16	2054	11423329	11425381	0	2876	BAM12_v2
AL1G37850	scaffold_1_RagTag	91.011	801	70	1	873	1673	11446509	11447307	0	1079	BAM12_v2
AL1G37850	scaffold_1_RagTag	95.054	465	14	6	259	717	11434432	11434893	0	723	BAM12_v2
AL1G37850	scaffold_1_RagTag	77.681	690	78	46	1658	2311	11447344	11447993	8.09e-95	351	BAM12_v2
AL1G37850	scaffold_1_RagTag	86.928	153	11	3	764	916	11446469	11446612	4.07e-38	163	BAM12_v2
AL1G37850	scaffold_1_RagTag	79.259	270	22	14	2054	2311	11425415	11425662	1.89e-36	158	BAM12_v2
AL1G37850	scaffold_1_RagTag	87.719	114	5	4	872	976	11424122	11424235	1.92e-26	124	BAM12_v2
AL1G37850	scaffold_1_RagTag	87.719	114	5	4	803	916	11424191	11424295	1.92e-26	124	BAM12_v2
AL1G37850	scaffold_8_RagTag	86.765	136	13	2	3018	3148	1107405	1107540	4.1e-33	147	BAM12_v2
AL1G37850	scaffold_3_RagTag	85.401	137	14	5	3018	3148	23683344	23683208	2.46e-30	137	BAM12_v2
AL1G37850	scaffold_6_RagTag	87.931	116	8	3	3030	3139	19409521	19409636	1.15e-28	132	BAM12_v2
AL1G38110	scaffold_4_RagTag	84.848	495	50	10	50	524	10630553	10631042	1.72e-132	475	BAM12_v2
AL1G38110	scaffold_4_RagTag	96.296	54	2	0	2	55	10630408	10630461	2.62e-16	89.8	BAM12_v2
AL1G38110	scaffold_1_RagTag	81.655	447	42	23	87	524	11577102	11577517	3.05e-90	335	BAM12_v2
AL1G38110	scaffold_1_RagTag	95.122	164	6	1	1	162	11592153	11592316	6.78e-67	257	BAM12_v2
AL1G38130	scaffold_1_RagTag	90.244	164	8	2	34	189	11600425	11600588	5.3e-52	207	BAM12_v2
AL3G41480	scaffold_1_RagTag	78.125	384	53	16	362	725	11580129	11579757	3.7e-54	215	BAM12_v2
AL3G41480	scaffold_1_RagTag	74.32	331	58	17	409	734	11425057	11424749	3.86e-24	115	BAM12_v2
AL3G41490	scaffold_1_RagTag	75.33	227	44	7	362	585	11580129	11579912	2.21e-19	99	BAM12_v2
AL3G41490	scaffold_1_RagTag	79.137	139	24	5	409	546	11425057	11424923	3.7e-17	91.6	BAM12_v2
AL3G41560	scaffold_1_RagTag	78.125	384	53	16	402	765	11579757	11580129	3.46e-54	215	BAM12_v2
AL3G41560	scaffold_1_RagTag	74.32	331	58	17	393	718	11424749	11425057	3.61e-24	115	BAM12_v2
AL1G37820	scaffold_1_RagTag:0-28294041	94.084	2079	75	17	1	2034	10555535	10557610	0	3114	BOR_v1
AL1G37820	scaffold_1_RagTag:0-28294041	79.922	513	82	13	1530	2025	10558786	10559294	1.19e-96	357	BOR_v1
AL1G37820	scaffold_1_RagTag:0-28294041	87.719	114	5	4	912	1025	10556532	10556636	1.31e-26	124	BOR_v1
AL1G37820	scaffold_1_RagTag:0-28294041	86.842	114	6	4	981	1085	10556463	10556576	6.09e-25	119	BOR_v1
AL1G37820	scaffold_1_RagTag:0-28294041	86.17	94	11	2	2121	2213	10659099	10659191	2.21e-19	100	BOR_v1
AL1G37820	scaffold_1_RagTag:0-28294041	80.556	108	5	10	2169	2269	10560102	10560200	6.22e-10	69.4	BOR_v1
AL1G37850	scaffold_1_RagTag:0-28294041	94.348	2070	81	21	7	2054	10555667	10557722	0	3142	BOR_v1
AL1G37850	scaffold_1_RagTag:0-28294041	80.702	285	24	17	2054	2311	10557756	10558036	4.76e-47	193	BOR_v1
AL1G37850	scaffold_1_RagTag:0-28294041	87.719	114	5	4	803	916	10556532	10556636	1.76e-26	124	BOR_v1
AL1G37850	scaffold_1_RagTag:0-28294041	86.842	114	6	4	872	976	10556463	10556576	8.19e-25	119	BOR_v1
AL1G37850	scaffold_8_RagTag:0-21093757	84.354	147	16	4	3008	3148	16063083	16063228	2.26e-30	137	BOR_v1
AL1G37850	scaffold_2_RagTag:0-21425966	88.596	114	5	4	3018	3124	12599864	12599976	1.05e-28	132	BOR_v1
AL1G37850	scaffold_5_RagTag:0-21731985	84.733	131	12	7	3016	3139	10361646	10361517	1.76e-26	124	BOR_v1
AL1G37850	scaffold_4_RagTag:18000-22695972	78.641	206	25	6	3193	3380	15611759	15611963	8.19e-25	119	BOR_v1
AL1G38110	scaffold_4_RagTag:18000-22695972	84.584	493	53	10	50	524	10997310	10997797	2.64e-130	468	BOR_v1
AL1G38110	scaffold_4_RagTag:18000-22695972	82.167	443	43	23	87	524	1437790	1437379	3.59e-94	348	BOR_v1
AL1G38110	scaffold_4_RagTag:18000-22695972	74.922	642	110	33	678	1303	1430021	1429415	1.35e-63	246	BOR_v1
AL1G38110	scaffold_4_RagTag:18000-22695972	96.296	54	2	0	2	55	10997165	10997218	2.4e-16	89.8	BOR_v1
AL1G38110	scaffold_1_RagTag:0-28294041	81.941	443	44	23	87	524	17065275	17064864	1.67e-92	342	BOR_v1
AL1G38110	scaffold_1_RagTag:0-28294041	81.432	447	44	24	87	524	10644196	10644612	1.3e-88	329	BOR_v1
AL1G38110	scaffold_1_RagTag:0-28294041	73.512	336	70	18	949	1278	10639073	10639395	1.84e-22	110	BOR_v1
AL1G38130	scaffold_1_RagTag:0-28294041	90.244	164	8	2	34	189	10658169	10658332	4.86e-52	207	BOR_v1
AL1G38130	scaffold_1_RagTag:0-28294041	80.272	147	23	6	641	784	10639068	10639211	1.83e-21	106	BOR_v1
AL1G38130	scaffold_4_RagTag:18000-22695972	75.17	294	51	10	641	931	1429758	1429484	2.34e-25	119	BOR_v1
AL3G41480	scaffold_1_RagTag:0-28294041	78.125	384	53	16	362	725	17061803	17062175	3.39e-54	215	BOR_v1
AL3G41480	scaffold_1_RagTag:0-28294041	77.807	383	56	19	362	725	10647218	10646846	1.58e-52	209	BOR_v1
AL3G41480	scaffold_1_RagTag:0-28294041	74.32	331	58	17	409	734	10557398	10557090	3.54e-24	115	BOR_v1
AL3G41480	scaffold_4_RagTag:18000-22695972	78.1	379	52	16	362	720	1434272	1434639	4.38e-53	211	BOR_v1
AL3G41490	scaffold_1_RagTag:0-28294041	76.682	223	41	8	362	581	10647218	10647004	7.24e-24	113	BOR_v1
AL3G41490	scaffold_1_RagTag:0-28294041	75.33	227	44	7	362	585	17061803	17062020	2.03e-19	99	BOR_v1
AL3G41490	scaffold_1_RagTag:0-28294041	79.137	139	24	5	409	546	10557398	10557264	3.39e-17	91.6	BOR_v1
AL3G41490	scaffold_4_RagTag:18000-22695972	75.33	227	44	7	362	585	1434272	1434489	2.03e-19	99	BOR_v1
AL3G41560	scaffold_1_RagTag:0-28294041	78.125	384	53	16	402	765	17062175	17061803	3.18e-54	215	BOR_v1
AL3G41560	scaffold_1_RagTag:0-28294041	77.807	383	56	19	402	765	10646846	10647218	1.48e-52	209	BOR_v1
AL3G41560	scaffold_1_RagTag:0-28294041	74.32	331	58	17	393	718	10557090	10557398	3.31e-24	115	BOR_v1
AL3G41560	scaffold_4_RagTag:18000-22695972	78.1	379	52	16	407	765	1434639	1434272	4.11e-53	211	BOR_v1
AL1G37820	scaffold_1_RagTag	90.442	2103	111	36	1	2034	11787997	11790078	0	2687	F1-14.ragtag.scaffold_chr
AL1G37820	scaffold_1_RagTag	80.312	513	80	13	1530	2025	11791213	11791721	5.74e-100	368	F1-14.ragtag.scaffold_chr
AL1G37820	scaffold_1_RagTag	87.719	114	5	5	981	1085	11788931	11789044	1.37e-26	124	F1-14.ragtag.scaffold_chr
AL1G37820	scaffold_1_RagTag	87.719	114	5	4	912	1025	11789000	11789104	1.37e-26	124	F1-14.ragtag.scaffold_chr
AL1G37820	scaffold_1_RagTag	89.362	94	8	2	2121	2213	11904783	11904875	2.29e-24	117	F1-14.ragtag.scaffold_chr
AL1G37820	scaffold_1_RagTag	80.556	108	5	10	2169	2269	11804418	11804516	6.51e-10	69.4	F1-14.ragtag.scaffold_chr
AL1G37850	scaffold_1_RagTag	91.394	2080	111	35	16	2054	11788138	11790190	0	2787	F1-14.ragtag.scaffold_chr
AL1G37850	scaffold_1_RagTag	81.061	264	18	17	2054	2311	11790224	11790461	1.08e-43	182	F1-14.ragtag.scaffold_chr
AL1G37850	scaffold_1_RagTag	84.892	139	15	5	3018	3151	18942396	18942533	8.51e-30	135	F1-14.ragtag.scaffold_chr
AL1G37850	scaffold_1_RagTag	84.892	139	15	5	3018	3151	18995308	18995445	8.51e-30	135	F1-14.ragtag.scaffold_chr
AL1G37850	scaffold_1_RagTag	87.719	114	5	5	872	976	11788931	11789044	1.84e-26	124	F1-14.ragtag.scaffold_chr
AL1G37850	scaffold_1_RagTag	87.719	114	5	4	803	916	11789000	11789104	1.84e-26	124	F1-14.ragtag.scaffold_chr
AL1G37850	scaffold_3_RagTag	86.861	137	12	4	3018	3148	22419689	22419553	1.09e-33	148	F1-14.ragtag.scaffold_chr
AL1G37850	scaffold_3_RagTag	81.633	147	15	6	3008	3148	22740059	22739919	1.43e-22	111	F1-14.ragtag.scaffold_chr
AL1G37850	scaffold_8_RagTag	86.765	136	13	2	3018	3148	1020586	1020721	3.93e-33	147	F1-14.ragtag.scaffold_chr
AL1G37850	scaffold_2_RagTag	86.131	137	13	3	3018	3148	12086624	12086488	5.09e-32	143	F1-14.ragtag.scaffold_chr
AL1G37850	scaffold_2_RagTag	88.596	114	5	4	3018	3124	14287075	14287187	1.1e-28	132	F1-14.ragtag.scaffold_chr
AL1G37850	scaffold_2_RagTag	88.596	114	5	4	3018	3124	14293499	14293611	1.1e-28	132	F1-14.ragtag.scaffold_chr
AL1G37850	scaffold_6_RagTag	88.793	116	7	3	3030	3139	16232736	16232851	2.37e-30	137	F1-14.ragtag.scaffold_chr
AL1G38110	scaffold_4_RagTag	84.787	493	52	10	50	524	11032602	11033089	5.94e-132	473	F1-14.ragtag.scaffold_chr
AL1G38110	scaffold_4_RagTag	84.787	493	52	10	50	524	11158889	11159376	5.94e-132	473	F1-14.ragtag.scaffold_chr
AL1G38110	scaffold_4_RagTag	82.167	443	43	23	87	524	1199426	1199015	3.76e-94	348	F1-14.ragtag.scaffold_chr
AL1G38110	scaffold_4_RagTag	74.214	636	105	37	678	1303	1191709	1191123	5.14e-53	211	F1-14.ragtag.scaffold_chr
AL1G38110	scaffold_4_RagTag	96.296	54	2	0	2	55	11032457	11032510	2.51e-16	89.8	F1-14.ragtag.scaffold_chr
AL1G38110	scaffold_4_RagTag	96.296	54	2	0	2	55	11158744	11158797	2.51e-16	89.8	F1-14.ragtag.scaffold_chr
AL1G38110	scaffold_1_RagTag	81.49	443	46	23	87	524	19166366	19165955	3.78e-89	331	F1-14.ragtag.scaffold_chr
AL1G38110	scaffold_1_RagTag	81.39	446	45	23	87	524	11883470	11883885	1.36e-88	329	F1-14.ragtag.scaffold_chr
AL1G38110	scaffold_1_RagTag	95.074	203	7	2	1	200	11890884	11891086	1.06e-84	316	F1-14.ragtag.scaffold_chr
AL1G38110	scaffold_1_RagTag	73.392	342	72	17	949	1284	11878439	11878767	1.93e-22	110	F1-14.ragtag.scaffold_chr
AL1G38110	scaffold_1_RagTag	100	31	0	0	610	640	11890740	11890770	7.09e-07	58.4	F1-14.ragtag.scaffold_chr
AL1G38110	scaffold_3_RagTag	89.423	104	4	5	56	152	13311932	13311829	6.89e-27	124	F1-14.ragtag.scaffold_chr
AL1G38110	scaffold_3_RagTag	89.423	104	4	5	56	152	13347003	13347106	6.89e-27	124	F1-14.ragtag.scaffold_chr
AL1G38110	scaffold_3_RagTag	91.304	69	6	0	458	526	13311537	13311469	5.4e-18	95.3	F1-14.ragtag.scaffold_chr
AL1G38110	scaffold_3_RagTag	91.304	69	6	0	458	526	13347399	13347467	5.4e-18	95.3	F1-14.ragtag.scaffold_chr
AL1G38130	scaffold_1_RagTag	90.244	164	8	2	34	189	11903853	11904016	5.09e-52	207	F1-14.ragtag.scaffold_chr
AL1G38130	scaffold_1_RagTag	80.272	147	23	6	641	784	11878434	11878577	1.91e-21	106	F1-14.ragtag.scaffold_chr
AL1G38130	scaffold_4_RagTag	75.51	294	50	10	641	931	1191466	1191192	5.28e-27	124	F1-14.ragtag.scaffold_chr
AL3G41480	scaffold_3_RagTag	97.917	1200	17	1	1	1200	13229591	13230782	0	2071	F1-14.ragtag.scaffold_chr
AL3G41480	scaffold_3_RagTag	97.833	1200	18	1	1	1200	13170349	13171540	0	2065	F1-14.ragtag.scaffold_chr
AL3G41480	scaffold_3_RagTag	97.583	1200	21	1	1	1200	13314191	13315382	0	2049	F1-14.ragtag.scaffold_chr
AL3G41480	scaffold_3_RagTag	97.5	1200	22	1	1	1200	13118768	13119959	0	2043	F1-14.ragtag.scaffold_chr
AL3G41480	scaffold_3_RagTag	97.5	1200	22	1	1	1200	13344502	13343311	0	2043	F1-14.ragtag.scaffold_chr
AL3G41480	scaffold_4_RagTag	78.125	384	53	16	362	725	1195910	1196282	3.55e-54	215	F1-14.ragtag.scaffold_chr
AL3G41480	scaffold_1_RagTag	77.807	383	56	19	362	725	11886488	11886116	1.65e-52	209	F1-14.ragtag.scaffold_chr
AL3G41480	scaffold_1_RagTag	77.865	384	54	17	362	725	19162928	19163300	1.65e-52	209	F1-14.ragtag.scaffold_chr
AL3G41480	scaffold_1_RagTag	74.32	331	58	17	409	734	11789866	11789558	3.7e-24	115	F1-14.ragtag.scaffold_chr
AL3G41480	scaffold_1_RagTag	80.556	72	13	1	434	505	11887159	11887089	8.19e-06	54.7	F1-14.ragtag.scaffold_chr
AL3G41490	scaffold_3_RagTag	97.782	586	12	1	1	585	13170349	13170934	0	1009	F1-14.ragtag.scaffold_chr
AL3G41490	scaffold_3_RagTag	97.782	586	12	1	1	585	13229591	13230176	0	1009	F1-14.ragtag.scaffold_chr
AL3G41490	scaffold_3_RagTag	97.099	586	16	1	1	585	13118768	13119353	0	987	F1-14.ragtag.scaffold_chr
AL3G41490	scaffold_3_RagTag	97.099	586	16	1	1	585	13314191	13314776	0	987	F1-14.ragtag.scaffold_chr
AL3G41490	scaffold_3_RagTag	97.099	586	16	1	1	585	13344502	13343917	0	987	F1-14.ragtag.scaffold_chr
AL3G41490	scaffold_1_RagTag	76.682	223	41	8	362	581	11886488	11886274	7.58e-24	113	F1-14.ragtag.scaffold_chr
AL3G41490	scaffold_1_RagTag	74.89	227	45	8	362	585	19162928	19163145	9.88e-18	93.5	F1-14.ragtag.scaffold_chr
AL3G41490	scaffold_1_RagTag	79.137	139	24	5	409	546	11789866	11789732	3.55e-17	91.6	F1-14.ragtag.scaffold_chr
AL3G41490	scaffold_1_RagTag	80.556	72	13	1	434	505	11887159	11887089	4.66e-06	54.7	F1-14.ragtag.scaffold_chr
AL3G41490	scaffold_4_RagTag	75.33	227	44	7	362	585	1195910	1196127	2.12e-19	99	F1-14.ragtag.scaffold_chr
AL3G41560	scaffold_3_RagTag	98.135	1126	15	1	1	1126	13171468	13170349	0	1958	F1-14.ragtag.scaffold_chr
AL3G41560	scaffold_3_RagTag	98.135	1126	15	1	1	1126	13230710	13229591	0	1958	F1-14.ragtag.scaffold_chr
AL3G41560	scaffold_3_RagTag	97.78	1126	19	1	1	1126	13119887	13118768	0	1936	F1-14.ragtag.scaffold_chr
AL3G41560	scaffold_3_RagTag	97.78	1126	19	1	1	1126	13315310	13314191	0	1936	F1-14.ragtag.scaffold_chr
AL3G41560	scaffold_3_RagTag	97.78	1126	19	1	1	1126	13343383	13344502	0	1936	F1-14.ragtag.scaffold_chr
AL3G41560	scaffold_4_RagTag	78.125	384	53	16	402	765	1196282	1195910	3.32e-54	215	F1-14.ragtag.scaffold_chr
AL3G41560	scaffold_1_RagTag	77.807	383	56	19	402	765	11886116	11886488	1.55e-52	209	F1-14.ragtag.scaffold_chr
AL3G41560	scaffold_1_RagTag	77.865	384	54	17	402	765	19163300	19162928	1.55e-52	209	F1-14.ragtag.scaffold_chr
AL3G41560	scaffold_1_RagTag	74.32	331	58	17	393	718	11789558	11789866	3.47e-24	115	F1-14.ragtag.scaffold_chr
AL3G41560	scaffold_1_RagTag	80.556	72	13	1	622	693	11887089	11887159	7.67e-06	54.7	F1-14.ragtag.scaffold_chr
AL1G37820	scaffold_1_RagTag	95.497	2043	58	18	1	2019	10881528	10883560	0	3232	KN003hexa_v0
AL1G37820	scaffold_1_RagTag	87.719	114	5	4	912	1025	10882508	10882612	1.35e-26	124	KN003hexa_v0
AL1G37820	scaffold_1_RagTag	97.222	72	2	0	1014	1085	10882481	10882552	4.87e-26	122	KN003hexa_v0
AL1G37820	scaffold_1_RagTag	89.362	94	8	2	2121	2213	11013375	11013467	2.26e-24	117	KN003hexa_v0
AL1G37820	scaffold_2_RagTag	81.422	436	57	15	1530	1946	5700452	5700022	5.74e-90	335	KN003hexa_v0
AL1G37850	scaffold_1_RagTag	98.218	2469	31	8	7	2464	10881643	10884109	0	4303	KN003hexa_v0
AL1G37850	scaffold_1_RagTag	98.645	1033	5	3	2513	3542	10884106	10885132	0	1821	KN003hexa_v0
AL1G37850	scaffold_1_RagTag	87.719	114	5	4	803	916	10882508	10882612	1.82e-26	124	KN003hexa_v0
AL1G37850	scaffold_1_RagTag	97.222	72	2	0	905	976	10882481	10882552	6.54e-26	122	KN003hexa_v0
AL1G37850	scaffold_8_RagTag	88.189	127	9	2	3019	3139	14738715	14738841	3.88e-33	147	KN003hexa_v0
AL1G37850	scaffold_6_RagTag	88.034	117	8	3	3030	3140	18601192	18601308	3.02e-29	134	KN003hexa_v0
AL1G37850	scaffold_4_RagTag	77.67	206	27	6	3193	3380	17462391	17462595	1.83e-21	108	KN003hexa_v0
AL1G37850	scaffold_7_RagTag	79.375	160	24	8	3193	3345	16347920	16348077	2.37e-20	104	KN003hexa_v0
AL1G38110	scaffold_1_RagTag	97.703	1306	22	3	1	1304	10987883	10989182	0	2239	KN003hexa_v0
AL1G38110	scaffold_1_RagTag	81.696	448	41	24	87	524	10980486	10980902	2.89e-90	335	KN003hexa_v0
AL1G38110	scaffold_1_RagTag	81.295	139	24	2	949	1087	10963019	10963155	5.3e-23	111	KN003hexa_v0
AL1G38110	scaffold_1_RagTag	72.436	312	75	6	589	897	10883066	10883369	2.48e-16	89.8	KN003hexa_v0
AL1G38110	scaffold_3_RagTag	89.423	104	4	5	56	152	13021588	13021691	6.8e-27	124	KN003hexa_v0
AL1G38110	scaffold_3_RagTag	91.304	69	6	0	458	526	12972238	12972170	5.33e-18	95.3	KN003hexa_v0
AL1G38110	scaffold_3_RagTag	92.188	64	5	0	458	521	13021985	13022048	6.9e-17	91.6	KN003hexa_v0
AL1G38130	scaffold_1_RagTag	93.57	762	32	5	190	943	10988372	10989124	0	1120	KN003hexa_v0
AL1G38130	scaffold_1_RagTag	89.634	164	9	2	34	189	11012446	11012609	2.34e-50	202	KN003hexa_v0
AL1G38130	scaffold_1_RagTag	98.925	93	1	0	941	1033	10985631	10985539	8.53e-40	167	KN003hexa_v0
AL1G38130	scaffold_1_RagTag	80.556	144	26	2	641	784	10963014	10963155	1.46e-22	110	KN003hexa_v0
AL3G41480	scaffold_3_RagTag	99.169	1204	4	2	1	1200	13018974	13017773	0	2163	KN003hexa_v0
AL3G41480	scaffold_3_RagTag	99.611	771	3	0	1	771	12976731	12977501	0	1408	KN003hexa_v0
AL3G41480	scaffold_3_RagTag	99.535	430	2	0	771	1200	12980614	12981043	0	784	KN003hexa_v0
AL3G41480	scaffold_1_RagTag	79.442	788	128	13	1	785	10989176	10988420	3.96e-148	527	KN003hexa_v0
AL3G41480	scaffold_1_RagTag	77.807	383	56	19	362	725	10983499	10983127	1.63e-52	209	KN003hexa_v0
AL3G41480	scaffold_1_RagTag	78.788	99	18	3	623	720	10983971	10983875	1.34e-08	63.9	KN003hexa_v0
AL3G41490	scaffold_3_RagTag	98.635	586	7	1	1	585	12976731	12977316	0	1037	KN003hexa_v0
AL3G41490	scaffold_3_RagTag	98.635	586	7	1	1	585	13018974	13018389	0	1037	KN003hexa_v0
AL3G41490	scaffold_1_RagTag	76.682	223	41	8	362	581	10983499	10983285	7.49e-24	113	KN003hexa_v0
AL3G41490	scaffold_1_RagTag	80.556	72	13	1	434	505	10984170	10984100	4.6e-06	54.7	KN003hexa_v0
AL3G41560	scaffold_3_RagTag	99.469	1130	2	1	1	1126	13017845	13018974	0	2050	KN003hexa_v0
AL3G41560	scaffold_3_RagTag	99.741	771	2	0	356	1126	12977501	12976731	0	1413	KN003hexa_v0
AL3G41560	scaffold_3_RagTag	99.162	358	1	1	1	356	12980971	12980614	0	643	KN003hexa_v0
AL3G41560	scaffold_1_RagTag	77.03	1084	168	40	78	1126	10988139	10989176	2.85e-154	547	KN003hexa_v0
AL3G41560	scaffold_1_RagTag	77.807	383	56	19	402	765	10983127	10983499	1.53e-52	209	KN003hexa_v0
AL3G41560	scaffold_1_RagTag	78.788	99	18	3	407	504	10983875	10983971	1.26e-08	63.9	KN003hexa_v0
AL1G37820	scaffold_1_RagTag	95.55	2045	54	21	1	2019	10726017	10728050	0	3238	KN005_v1
AL1G37820	scaffold_1_RagTag	87.719	114	5	4	981	1085	10726928	10727041	1.33e-26	124	KN005_v1
AL1G37820	scaffold_1_RagTag	87.719	114	5	4	912	1025	10726997	10727101	1.33e-26	124	KN005_v1
AL1G37820	scaffold_1_RagTag	89.362	94	8	2	2121	2213	10872398	10872490	2.23e-24	117	KN005_v1
AL1G37820	scaffold_2_RagTag	81.422	436	57	15	1530	1946	6155100	6154670	5.65e-90	335	KN005_v1
AL1G37850	scaffold_1_RagTag	99.064	2458	22	1	7	2464	10726132	10728588	0	4410	KN005_v1
AL1G37850	scaffold_1_RagTag	98.645	1033	5	3	2513	3542	10728585	10729611	0	1821	KN005_v1
AL1G37850	scaffold_1_RagTag	87.719	114	5	4	872	976	10726928	10727041	1.79e-26	124	KN005_v1
AL1G37850	scaffold_1_RagTag	87.719	114	5	4	803	916	10726997	10727101	1.79e-26	124	KN005_v1
AL1G37850	scaffold_2_RagTag	87.681	138	10	5	3008	3139	4431493	4431629	2.28e-35	154	KN005_v1
AL1G37850	scaffold_8_RagTag	88.189	127	9	2	3019	3139	14528891	14529017	3.82e-33	147	KN005_v1
AL1G37850	scaffold_8_RagTag	80.597	201	26	11	3178	3369	15496429	15496625	4.94e-32	143	KN005_v1
AL1G37850	scaffold_7_RagTag	77.966	177	29	8	3176	3345	16823383	16823556	8.39e-20	102	KN005_v1
AL1G38110	scaffold_1_RagTag	96.631	1306	40	2	1	1304	10846953	10848256	0	2165	KN005_v1
AL1G38110	scaffold_1_RagTag	81.696	448	41	24	87	524	10839654	10840070	2.84e-90	335	KN005_v1
AL1G38110	scaffold_1_RagTag	80.714	140	23	4	949	1087	10822115	10822251	2.43e-21	106	KN005_v1
AL1G38110	scaffold_1_RagTag	73.077	312	73	6	589	897	10727555	10727858	1.13e-19	100	KN005_v1
AL1G38110	scaffold_3_RagTag	89.423	104	4	5	56	152	12788634	12788737	6.7e-27	124	KN005_v1
AL1G38110	scaffold_3_RagTag	91.304	69	6	0	458	526	12737956	12737888	5.25e-18	95.3	KN005_v1
AL1G38110	scaffold_3_RagTag	92.188	64	5	0	458	521	12789031	12789094	6.79e-17	91.6	KN005_v1
AL1G38130	scaffold_1_RagTag	96.846	761	11	4	191	943	10847443	10848198	0	1260	KN005_v1
AL1G38130	scaffold_1_RagTag	90.244	164	8	2	34	189	10871469	10871632	4.95e-52	207	KN005_v1
AL1G38130	scaffold_1_RagTag	98.925	93	1	0	941	1033	10844735	10844643	8.4e-40	167	KN005_v1
AL1G38130	scaffold_1_RagTag	80	145	25	4	641	784	10822110	10822251	6.68e-21	104	KN005_v1
AL3G41480	scaffold_3_RagTag	99.5	1200	2	1	1	1200	12742445	12743640	0	2180	KN005_v1
AL3G41480	scaffold_3_RagTag	99.003	1204	4	2	1	1200	12786020	12784821	0	2150	KN005_v1
AL3G41480	scaffold_3_RagTag	99.611	771	3	0	1	771	12746146	12746916	0	1408	KN005_v1
AL3G41480	scaffold_3_RagTag	99.535	430	2	0	771	1200	12750029	12750458	0	784	KN005_v1
AL3G41480	scaffold_1_RagTag	79.034	787	125	11	7	785	10848244	10847490	6.57e-141	503	KN005_v1
AL3G41480	scaffold_1_RagTag	77.807	383	56	19	362	725	10842627	10842255	1.6e-52	209	KN005_v1
AL3G41480	scaffold_1_RagTag	78.788	99	18	3	623	720	10843099	10843003	1.32e-08	63.9	KN005_v1
AL3G41490	scaffold_3_RagTag	98.976	586	5	1	1	585	12742445	12743030	0	1048	KN005_v1
AL3G41490	scaffold_3_RagTag	98.635	586	7	1	1	585	12746146	12746731	0	1037	KN005_v1
AL3G41490	scaffold_3_RagTag	98.635	586	7	1	1	585	12786020	12785435	0	1037	KN005_v1
AL3G41490	scaffold_1_RagTag	78.741	588	99	11	7	585	10848244	10847674	3.96e-101	370	KN005_v1
AL3G41490	scaffold_1_RagTag	76.682	223	41	8	362	581	10842627	10842413	7.37e-24	113	KN005_v1
AL3G41490	scaffold_1_RagTag	80.556	72	13	1	434	505	10843274	10843204	4.53e-06	54.7	KN005_v1
AL3G41560	scaffold_3_RagTag	99.822	1126	0	1	1	1126	12743568	12742445	0	2067	KN005_v1
AL3G41560	scaffold_3_RagTag	99.292	1130	2	2	1	1126	12784893	12786020	0	2037	KN005_v1
AL3G41560	scaffold_3_RagTag	99.741	771	2	0	356	1126	12746916	12746146	0	1413	KN005_v1
AL3G41560	scaffold_3_RagTag	99.162	358	1	1	1	356	12750386	12750029	0	643	KN005_v1
AL3G41560	scaffold_1_RagTag	76.639	1083	166	39	78	1120	10847209	10848244	2.2e-145	518	KN005_v1
AL3G41560	scaffold_1_RagTag	77.807	383	56	19	402	765	10842255	10842627	1.5e-52	209	KN005_v1
AL3G41560	scaffold_1_RagTag	78.788	99	18	3	407	504	10843003	10843099	1.24e-08	63.9	KN005_v1
AL1G37820	scaffold_1_RagTag	95.546	2043	57	18	1	2019	11044414	11046446	0	3238	KN006_v1
AL1G37820	scaffold_1_RagTag	87.719	114	5	4	981	1085	11045325	11045438	1.41e-26	124	KN006_v1
AL1G37820	scaffold_1_RagTag	87.719	114	5	4	912	1025	11045394	11045498	1.41e-26	124	KN006_v1
AL1G37820	scaffold_1_RagTag	89.362	94	8	2	2121	2213	11176573	11176665	2.36e-24	117	KN006_v1
AL1G37820	scaffold_2_RagTag	81.609	435	57	15	1530	1946	5950806	5950377	4.62e-91	339	KN006_v1
AL1G37850	scaffold_1_RagTag	98.339	2469	28	8	7	2464	11044529	11046995	0	4320	KN006_v1
AL1G37850	scaffold_1_RagTag	98.645	1033	5	3	2513	3542	11046992	11048018	0	1821	KN006_v1
AL1G37850	scaffold_1_RagTag	87.719	114	5	4	872	976	11045325	11045438	1.89e-26	124	KN006_v1
AL1G37850	scaffold_1_RagTag	87.719	114	5	4	803	916	11045394	11045498	1.89e-26	124	KN006_v1
AL1G37850	scaffold_2_RagTag	86.957	138	11	5	3008	3139	4553458	4553594	1.12e-33	148	KN006_v1
AL1G37850	scaffold_8_RagTag	88.189	127	9	2	3019	3139	15322139	15322265	4.04e-33	147	KN006_v1
AL1G37850	scaffold_8_RagTag	80.1	201	27	11	3178	3369	16357432	16357628	2.43e-30	137	KN006_v1
AL1G37850	scaffold_6_RagTag	88.034	117	8	3	3030	3140	18234336	18234452	3.15e-29	134	KN006_v1
AL1G37850	scaffold_7_RagTag	77.966	177	29	8	3176	3345	18086700	18086873	8.87e-20	102	KN006_v1
AL1G38110	scaffold_1_RagTag	97.473	1306	25	3	1	1304	11150458	11151757	0	2222	KN006_v1
AL1G38110	scaffold_1_RagTag	81.696	448	41	24	87	524	11143072	11143488	3.01e-90	335	KN006_v1
AL1G38110	scaffold_1_RagTag	80.714	140	23	4	949	1087	11131363	11131499	2.57e-21	106	KN006_v1
AL1G38110	scaffold_1_RagTag	72.756	312	74	6	589	897	11045952	11046255	5.55e-18	95.3	KN006_v1
AL1G38110	scaffold_1_RagTag	79.259	135	25	3	916	1048	10614976	10615109	7.18e-17	91.6	KN006_v1
AL1G38110	scaffold_3_RagTag	89.423	104	4	5	56	152	14076708	14076605	7.08e-27	124	KN006_v1
AL1G38110	scaffold_3_RagTag	89.423	104	4	5	56	152	14130786	14130889	7.08e-27	124	KN006_v1
AL1G38110	scaffold_3_RagTag	91.304	69	6	0	458	526	14076314	14076246	5.55e-18	95.3	KN006_v1
AL1G38110	scaffold_3_RagTag	91.304	69	6	0	458	526	14131183	14131251	5.55e-18	95.3	KN006_v1
AL1G38130	scaffold_1_RagTag	94.094	762	28	5	190	943	11150947	11151699	0	1142	KN006_v1
AL1G38130	scaffold_1_RagTag	90.244	164	8	2	34	189	11175644	11175807	5.23e-52	207	KN006_v1
AL1G38130	scaffold_1_RagTag	98.925	93	1	0	941	1033	11148206	11148114	8.88e-40	167	KN006_v1
AL1G38130	scaffold_1_RagTag	80	145	25	4	641	784	11131358	11131499	7.06e-21	104	KN006_v1
AL1G38130	scaffold_1_RagTag	78.676	136	24	5	613	745	10614976	10615109	2.56e-15	86.1	KN006_v1
AL3G41480	scaffold_3_RagTag	99.75	1200	1	1	1	1200	14080681	14081878	0	2198	KN006_v1
AL3G41480	scaffold_3_RagTag	99.75	1200	1	1	1	1200	14084378	14085575	0	2198	KN006_v1
AL3G41480	scaffold_3_RagTag	99.583	1200	1	1	1	1200	14128171	14126976	0	2185	KN006_v1
AL3G41480	scaffold_3_RagTag	99.87	771	1	0	1	771	14088076	14088846	0	1419	KN006_v1
AL3G41480	scaffold_3_RagTag	99.07	430	2	1	771	1200	14091965	14092392	0	771	KN006_v1
AL3G41480	scaffold_1_RagTag	76.682	1085	172	40	1	1051	11151751	11150714	4.12e-148	527	KN006_v1
AL3G41480	scaffold_1_RagTag	77.546	383	57	19	362	725	11146080	11145708	7.89e-51	204	KN006_v1
AL3G41480	scaffold_1_RagTag	78.788	99	18	3	623	720	11146552	11146456	1.4e-08	63.9	KN006_v1
AL3G41490	scaffold_3_RagTag	99.147	586	4	1	1	585	14080681	14081266	0	1053	KN006_v1
AL3G41490	scaffold_3_RagTag	99.147	586	4	1	1	585	14084378	14084963	0	1053	KN006_v1
AL3G41490	scaffold_3_RagTag	99.147	586	4	1	1	585	14128171	14127586	0	1053	KN006_v1
AL3G41490	scaffold_3_RagTag	98.976	586	5	1	1	585	14088076	14088661	0	1048	KN006_v1
AL3G41490	scaffold_1_RagTag	76.233	223	42	8	362	581	11146080	11145866	3.63e-22	108	KN006_v1
AL3G41490	scaffold_1_RagTag	80.556	72	13	1	434	505	11146751	11146681	4.79e-06	54.7	KN006_v1
AL3G41560	scaffold_3_RagTag	99.911	1126	1	0	1	1126	14081806	14080681	0	2074	KN006_v1
AL3G41560	scaffold_3_RagTag	99.911	1126	1	0	1	1126	14085503	14084378	0	2074	KN006_v1
AL3G41560	scaffold_3_RagTag	99.734	1126	1	1	1	1126	14127048	14128171	0	2061	KN006_v1
AL3G41560	scaffold_3_RagTag	100	771	0	0	356	1126	14088846	14088076	0	1424	KN006_v1
AL3G41560	scaffold_3_RagTag	99.719	356	1	0	1	356	14092320	14091965	0	652	KN006_v1
AL3G41560	scaffold_1_RagTag	76.845	1084	170	40	78	1126	11150714	11151751	6.42e-151	536	KN006_v1
AL3G41560	scaffold_1_RagTag	77.546	383	57	19	402	765	11145708	11146080	7.4e-51	204	KN006_v1
AL3G41560	scaffold_1_RagTag	78.788	99	18	3	407	504	11146456	11146552	1.31e-08	63.9	KN006_v1
AL1G37820	scaffold_1_RagTag	99.735	2643	5	2	1	2642	10757790	10760431	0	4841	MN47_mabs_v3
AL1G37820	scaffold_1_RagTag	95.803	1930	45	20	116	2019	10768396	10770315	0	3083	MN47_mabs_v3
AL1G37820	scaffold_1_RagTag	87.121	132	16	1	1681	1811	10764892	10765023	8.36e-34	148	MN47_mabs_v3
AL1G37820	scaffold_1_RagTag	87.719	114	5	4	981	1085	10758701	10758814	1.41e-26	124	MN47_mabs_v3
AL1G37820	scaffold_1_RagTag	87.719	114	5	4	912	1025	10758770	10758874	1.41e-26	124	MN47_mabs_v3
AL1G37820	scaffold_1_RagTag	87.719	114	5	4	981	1085	10769192	10769305	1.41e-26	124	MN47_mabs_v3
AL1G37820	scaffold_1_RagTag	87.719	114	5	4	912	1025	10769261	10769365	1.41e-26	124	MN47_mabs_v3
AL1G37820	scaffold_1_RagTag	89.362	94	8	2	2121	2213	10921515	10921607	2.36e-24	117	MN47_mabs_v3
AL1G37820	scaffold_1_RagTag	82.075	106	5	9	2169	2269	10765605	10765701	1.11e-12	78.7	MN47_mabs_v3
AL1G37850	scaffold_1_RagTag	100	3542	0	0	1	3542	10768390	10771931	0	6541	MN47_mabs_v3
AL1G37850	scaffold_1_RagTag	95.803	1930	45	20	7	1926	10757905	10759808	0	3083	MN47_mabs_v3
AL1G37850	scaffold_1_RagTag	86.765	136	13	2	3018	3148	25034518	25034383	4.04e-33	147	MN47_mabs_v3
AL1G37850	scaffold_1_RagTag	87.719	114	5	4	872	976	10758701	10758814	1.89e-26	124	MN47_mabs_v3
AL1G37850	scaffold_1_RagTag	87.719	114	5	4	803	916	10758770	10758874	1.89e-26	124	MN47_mabs_v3
AL1G37850	scaffold_1_RagTag	87.719	114	5	4	872	976	10769192	10769305	1.89e-26	124	MN47_mabs_v3
AL1G37850	scaffold_1_RagTag	87.719	114	5	4	803	916	10769261	10769365	1.89e-26	124	MN47_mabs_v3
AL1G37850	scaffold_3_RagTag	88.321	137	10	3	3018	3148	20620179	20620043	5.19e-37	159	MN47_mabs_v3
AL1G37850	scaffold_8_RagTag	88.189	127	9	2	3019	3139	17304342	17304468	4.04e-33	147	MN47_mabs_v3
AL1G37850	scaffold_2_RagTag	86.331	139	11	5	3008	3139	17596806	17596669	1.45e-32	145	MN47_mabs_v3
AL1G37850	scaffold_7_RagTag	86.232	138	12	4	3008	3139	24554197	24554061	5.23e-32	143	MN47_mabs_v3
AL1G37850	scaffold_7_RagTag	78.531	177	28	8	3176	3345	17338756	17338929	1.91e-21	108	MN47_mabs_v3
AL1G37850	scaffold_6_RagTag	88.333	120	8	3	3030	3143	18207095	18206976	6.76e-31	139	MN47_mabs_v3
AL1G38110	scaffold_1_RagTag	100	1341	0	0	1	1341	10873431	10872091	0	2477	MN47_mabs_v3
AL1G38110	scaffold_1_RagTag	93.832	762	34	4	490	1246	10869334	10868581	0	1134	MN47_mabs_v3
AL1G38110	scaffold_1_RagTag	81.473	448	42	24	87	524	10863442	10863858	1.4e-88	329	MN47_mabs_v3
AL1G38110	scaffold_1_RagTag	81.027	448	44	24	87	524	10880794	10880378	3.03e-85	318	MN47_mabs_v3
AL1G38110	scaffold_1_RagTag	80	140	24	4	949	1087	10851862	10851998	1.19e-19	100	MN47_mabs_v3
AL1G38110	scaffold_1_RagTag	96.61	59	2	0	1246	1304	10885391	10885449	4.29e-19	99	MN47_mabs_v3
AL1G38110	scaffold_1_RagTag	79.259	135	25	3	916	1048	10324950	10325083	7.18e-17	91.6	MN47_mabs_v3
AL1G38110	scaffold_3_RagTag	89.423	104	4	5	56	152	13398865	13398762	7.08e-27	124	MN47_mabs_v3
AL1G38110	scaffold_3_RagTag	89.423	104	4	5	56	152	13449269	13449372	7.08e-27	124	MN47_mabs_v3
AL1G38110	scaffold_3_RagTag	91.304	69	6	0	458	526	13398471	13398403	5.55e-18	95.3	MN47_mabs_v3
AL1G38110	scaffold_3_RagTag	91.304	69	6	0	458	526	13449666	13449734	5.55e-18	95.3	MN47_mabs_v3
AL1G38130	scaffold_1_RagTag	100	1033	0	0	1	1033	10869523	10868491	0	1908	MN47_mabs_v3
AL1G38130	scaffold_1_RagTag	93.832	762	34	4	190	943	10872942	10872186	0	1134	MN47_mabs_v3
AL1G38130	scaffold_1_RagTag	90.244	164	8	2	34	189	10920586	10920749	5.23e-52	207	MN47_mabs_v3
AL1G38130	scaffold_1_RagTag	98.925	93	1	0	941	1033	10875644	10875736	8.88e-40	167	MN47_mabs_v3
AL1G38130	scaffold_1_RagTag	100	68	0	0	966	1033	10883732	10883799	1.51e-27	126	MN47_mabs_v3
AL1G38130	scaffold_1_RagTag	79.31	145	26	4	641	784	10851857	10851998	3.29e-19	99	MN47_mabs_v3
AL1G38130	scaffold_1_RagTag	78.676	136	24	5	613	745	10324950	10325083	2.56e-15	86.1	MN47_mabs_v3
AL3G41480	scaffold_3_RagTag	100	1200	0	0	1	1200	13402849	13404048	0	2217	MN47_mabs_v3
AL3G41480	scaffold_3_RagTag	99.667	1200	2	1	1	1200	13446654	13445457	0	2193	MN47_mabs_v3
AL3G41480	scaffold_3_RagTag	99.741	771	2	0	1	771	13406549	13407319	0	1413	MN47_mabs_v3
AL3G41480	scaffold_3_RagTag	98.605	430	2	1	771	1200	13410444	13410869	0	758	MN47_mabs_v3
AL3G41480	scaffold_1_RagTag	77.807	383	56	19	362	725	10866453	10866081	1.7e-52	209	MN47_mabs_v3
AL3G41480	scaffold_1_RagTag	77.807	383	56	19	362	725	10877774	10878146	1.7e-52	209	MN47_mabs_v3
AL3G41480	scaffold_1_RagTag	78.788	99	18	3	623	720	10866925	10866829	1.4e-08	63.9	MN47_mabs_v3
AL3G41480	scaffold_1_RagTag	78.788	99	18	3	623	720	10877302	10877398	1.4e-08	63.9	MN47_mabs_v3
AL3G41490	scaffold_3_RagTag	99.147	586	4	1	1	585	13402849	13403434	0	1053	MN47_mabs_v3
AL3G41490	scaffold_3_RagTag	98.976	586	5	1	1	585	13446654	13446069	0	1048	MN47_mabs_v3
AL3G41490	scaffold_3_RagTag	98.805	586	6	1	1	585	13406549	13407134	0	1042	MN47_mabs_v3
AL3G41490	scaffold_1_RagTag	76.682	223	41	8	362	581	10866453	10866239	7.79e-24	113	MN47_mabs_v3
AL3G41490	scaffold_1_RagTag	76.682	223	41	8	362	581	10877774	10877988	7.79e-24	113	MN47_mabs_v3
AL3G41490	scaffold_1_RagTag	80.556	72	13	1	434	505	10867124	10867054	4.79e-06	54.7	MN47_mabs_v3
AL3G41490	scaffold_1_RagTag	80.556	72	13	1	434	505	10877103	10877173	4.79e-06	54.7	MN47_mabs_v3
AL3G41560	scaffold_3_RagTag	100	1126	0	0	1	1126	13445529	13446654	0	2080	MN47_mabs_v3
AL3G41560	scaffold_3_RagTag	99.645	1128	2	1	1	1126	13403976	13402849	0	2060	MN47_mabs_v3
AL3G41560	scaffold_3_RagTag	99.87	771	1	0	356	1126	13407319	13406549	0	1419	MN47_mabs_v3
AL3G41560	scaffold_3_RagTag	99.157	356	1	1	1	356	13410797	13410444	0	640	MN47_mabs_v3
AL3G41560	scaffold_1_RagTag	77.807	383	56	19	402	765	10866081	10866453	1.59e-52	209	MN47_mabs_v3
AL3G41560	scaffold_1_RagTag	77.807	383	56	19	402	765	10878146	10877774	1.59e-52	209	MN47_mabs_v3
AL3G41560	scaffold_1_RagTag	78.788	99	18	3	407	504	10866829	10866925	1.31e-08	63.9	MN47_mabs_v3
AL3G41560	scaffold_1_RagTag	78.788	99	18	3	407	504	10877398	10877302	1.31e-08	63.9	MN47_mabs_v3
AL1G37820	scaffold_1_RagTag	99.735	2643	5	2	1	2642	10757790	10760431	0	4841	MN47_v4
AL1G37820	scaffold_1_RagTag	95.803	1930	45	20	116	2019	10768396	10770315	0	3083	MN47_v4
AL1G37820	scaffold_1_RagTag	87.121	132	16	1	1681	1811	10764892	10765023	8.36e-34	148	MN47_v4
AL1G37820	scaffold_1_RagTag	87.719	114	5	4	981	1085	10758701	10758814	1.41e-26	124	MN47_v4
AL1G37820	scaffold_1_RagTag	87.719	114	5	4	912	1025	10758770	10758874	1.41e-26	124	MN47_v4
AL1G37820	scaffold_1_RagTag	87.719	114	5	4	981	1085	10769192	10769305	1.41e-26	124	MN47_v4
AL1G37820	scaffold_1_RagTag	87.719	114	5	4	912	1025	10769261	10769365	1.41e-26	124	MN47_v4
AL1G37820	scaffold_1_RagTag	89.362	94	8	2	2121	2213	10921515	10921607	2.36e-24	117	MN47_v4
AL1G37820	scaffold_1_RagTag	82.075	106	5	9	2169	2269	10765605	10765701	1.11e-12	78.7	MN47_v4
AL1G37850	scaffold_1_RagTag	100	3542	0	0	1	3542	10768390	10771931	0	6541	MN47_v4
AL1G37850	scaffold_1_RagTag	95.803	1930	45	20	7	1926	10757905	10759808	0	3083	MN47_v4
AL1G37850	scaffold_1_RagTag	86.765	136	13	2	3018	3148	25002756	25002621	4.04e-33	147	MN47_v4
AL1G37850	scaffold_1_RagTag	87.719	114	5	4	872	976	10758701	10758814	1.89e-26	124	MN47_v4
AL1G37850	scaffold_1_RagTag	87.719	114	5	4	803	916	10758770	10758874	1.89e-26	124	MN47_v4
AL1G37850	scaffold_1_RagTag	87.719	114	5	4	872	976	10769192	10769305	1.89e-26	124	MN47_v4
AL1G37850	scaffold_1_RagTag	87.719	114	5	4	803	916	10769261	10769365	1.89e-26	124	MN47_v4
AL1G37850	scaffold_3_RagTag	88.321	137	10	3	3018	3148	20620179	20620043	5.19e-37	159	MN47_v4
AL1G37850	scaffold_8_RagTag	88.189	127	9	2	3019	3139	17304342	17304468	4.04e-33	147	MN47_v4
AL1G37850	scaffold_2_RagTag	86.331	139	11	5	3008	3139	17596806	17596669	1.45e-32	145	MN47_v4
AL1G37850	scaffold_7_RagTag	86.232	138	12	4	3008	3139	24554197	24554061	5.23e-32	143	MN47_v4
AL1G37850	scaffold_7_RagTag	78.531	177	28	8	3176	3345	17338756	17338929	1.91e-21	108	MN47_v4
AL1G37850	scaffold_6_RagTag	88.333	120	8	3	3030	3143	18207095	18206976	6.76e-31	139	MN47_v4
AL1G38110	scaffold_1_RagTag	100	1341	0	0	1	1341	10873431	10872091	0	2477	MN47_v4
AL1G38110	scaffold_1_RagTag	93.832	762	34	4	490	1246	10869334	10868581	0	1134	MN47_v4
AL1G38110	scaffold_1_RagTag	81.473	448	42	24	87	524	10863442	10863858	1.4e-88	329	MN47_v4
AL1G38110	scaffold_1_RagTag	81.027	448	44	24	87	524	10880794	10880378	3.03e-85	318	MN47_v4
AL1G38110	scaffold_1_RagTag	80	140	24	4	949	1087	10851862	10851998	1.19e-19	100	MN47_v4
AL1G38110	scaffold_1_RagTag	96.61	59	2	0	1246	1304	10885391	10885449	4.29e-19	99	MN47_v4
AL1G38110	scaffold_1_RagTag	79.259	135	25	3	916	1048	10324950	10325083	7.18e-17	91.6	MN47_v4
AL1G38110	scaffold_3_RagTag	89.423	104	4	5	56	152	13398865	13398762	7.08e-27	124	MN47_v4
AL1G38110	scaffold_3_RagTag	89.423	104	4	5	56	152	13449269	13449372	7.08e-27	124	MN47_v4
AL1G38110	scaffold_3_RagTag	91.304	69	6	0	458	526	13398471	13398403	5.55e-18	95.3	MN47_v4
AL1G38110	scaffold_3_RagTag	91.304	69	6	0	458	526	13449666	13449734	5.55e-18	95.3	MN47_v4
AL1G38130	scaffold_1_RagTag	100	1033	0	0	1	1033	10869523	10868491	0	1908	MN47_v4
AL1G38130	scaffold_1_RagTag	93.832	762	34	4	190	943	10872942	10872186	0	1134	MN47_v4
AL1G38130	scaffold_1_RagTag	90.244	164	8	2	34	189	10920586	10920749	5.23e-52	207	MN47_v4
AL1G38130	scaffold_1_RagTag	98.925	93	1	0	941	1033	10875644	10875736	8.88e-40	167	MN47_v4
AL1G38130	scaffold_1_RagTag	100	68	0	0	966	1033	10883732	10883799	1.51e-27	126	MN47_v4
AL1G38130	scaffold_1_RagTag	79.31	145	26	4	641	784	10851857	10851998	3.29e-19	99	MN47_v4
AL1G38130	scaffold_1_RagTag	78.676	136	24	5	613	745	10324950	10325083	2.56e-15	86.1	MN47_v4
AL3G41480	scaffold_3_RagTag	100	1200	0	0	1	1200	13402849	13404048	0	2217	MN47_v4
AL3G41480	scaffold_3_RagTag	99.667	1200	2	1	1	1200	13446654	13445457	0	2193	MN47_v4
AL3G41480	scaffold_3_RagTag	99.741	771	2	0	1	771	13406549	13407319	0	1413	MN47_v4
AL3G41480	scaffold_3_RagTag	98.605	430	2	1	771	1200	13410444	13410869	0	758	MN47_v4
AL3G41480	scaffold_1_RagTag	77.807	383	56	19	362	725	10866453	10866081	1.7e-52	209	MN47_v4
AL3G41480	scaffold_1_RagTag	77.807	383	56	19	362	725	10877774	10878146	1.7e-52	209	MN47_v4
AL3G41480	scaffold_1_RagTag	78.788	99	18	3	623	720	10866925	10866829	1.4e-08	63.9	MN47_v4
AL3G41480	scaffold_1_RagTag	78.788	99	18	3	623	720	10877302	10877398	1.4e-08	63.9	MN47_v4
AL3G41490	scaffold_3_RagTag	99.147	586	4	1	1	585	13402849	13403434	0	1053	MN47_v4
AL3G41490	scaffold_3_RagTag	98.976	586	5	1	1	585	13446654	13446069	0	1048	MN47_v4
AL3G41490	scaffold_3_RagTag	98.805	586	6	1	1	585	13406549	13407134	0	1042	MN47_v4
AL3G41490	scaffold_1_RagTag	76.682	223	41	8	362	581	10866453	10866239	7.79e-24	113	MN47_v4
AL3G41490	scaffold_1_RagTag	76.682	223	41	8	362	581	10877774	10877988	7.79e-24	113	MN47_v4
AL3G41490	scaffold_1_RagTag	80.556	72	13	1	434	505	10867124	10867054	4.79e-06	54.7	MN47_v4
AL3G41490	scaffold_1_RagTag	80.556	72	13	1	434	505	10877103	10877173	4.79e-06	54.7	MN47_v4
AL3G41560	scaffold_3_RagTag	100	1126	0	0	1	1126	13445529	13446654	0	2080	MN47_v4
AL3G41560	scaffold_3_RagTag	99.645	1128	2	1	1	1126	13403976	13402849	0	2060	MN47_v4
AL3G41560	scaffold_3_RagTag	99.87	771	1	0	356	1126	13407319	13406549	0	1419	MN47_v4
AL3G41560	scaffold_3_RagTag	99.157	356	1	1	1	356	13410797	13410444	0	640	MN47_v4
AL3G41560	scaffold_1_RagTag	77.807	383	56	19	402	765	10866081	10866453	1.59e-52	209	MN47_v4
AL3G41560	scaffold_1_RagTag	77.807	383	56	19	402	765	10878146	10877774	1.59e-52	209	MN47_v4
AL3G41560	scaffold_1_RagTag	78.788	99	18	3	407	504	10866829	10866925	1.31e-08	63.9	MN47_v4
AL3G41560	scaffold_1_RagTag	78.788	99	18	3	407	504	10877398	10877302	1.31e-08	63.9	MN47_v4
AL1G37820	scaffold_1_RagTag	94.29	2084	66	19	1	2034	10835576	10837656	0	3140	Nla.ragtag.scaffold_chr
AL1G37820	scaffold_1_RagTag	80.312	513	80	13	1530	2025	10838789	10839297	5.69e-100	368	Nla.ragtag.scaffold_chr
AL1G37820	scaffold_1_RagTag	87.719	114	5	4	912	1025	10836578	10836682	1.36e-26	124	Nla.ragtag.scaffold_chr
AL1G37820	scaffold_1_RagTag	86.842	114	6	4	981	1085	10836509	10836622	6.32e-25	119	Nla.ragtag.scaffold_chr
AL1G37820	scaffold_1_RagTag	89.362	94	8	2	2121	2213	10946612	10946704	2.27e-24	117	Nla.ragtag.scaffold_chr
AL1G37820	scaffold_1_RagTag	80.556	108	5	10	2169	2269	10839436	10839534	6.46e-10	69.4	Nla.ragtag.scaffold_chr
AL1G37850	scaffold_1_RagTag	94.602	2075	71	23	7	2054	10835708	10837768	0	3173	Nla.ragtag.scaffold_chr
AL1G37850	scaffold_1_RagTag	81.061	264	18	16	2054	2311	10837802	10838039	1.07e-43	182	Nla.ragtag.scaffold_chr
AL1G37850	scaffold_1_RagTag	87.719	114	5	4	803	916	10836578	10836682	1.83e-26	124	Nla.ragtag.scaffold_chr
AL1G37850	scaffold_1_RagTag	86.842	114	6	4	872	976	10836509	10836622	8.5e-25	119	Nla.ragtag.scaffold_chr
AL1G37850	scaffold_8_RagTag	87.075	147	12	3	3015	3154	14551512	14551366	5.01e-37	159	Nla.ragtag.scaffold_chr
AL1G37850	scaffold_8_RagTag	87.5	136	12	2	3018	3148	1049064	1049199	8.38e-35	152	Nla.ragtag.scaffold_chr
AL1G37850	scaffold_8_RagTag	87.402	127	11	2	3018	3139	5489579	5489705	1.81e-31	141	Nla.ragtag.scaffold_chr
AL1G37850	scaffold_7_RagTag	80.526	190	28	7	3193	3380	25430563	25430745	2.35e-30	137	Nla.ragtag.scaffold_chr
AL1G37850	scaffold_2_RagTag	88.596	114	5	4	3018	3124	13203430	13203542	1.09e-28	132	Nla.ragtag.scaffold_chr
AL1G37850	scaffold_2_RagTag	88.596	114	5	4	3018	3124	13209872	13209984	1.09e-28	132	Nla.ragtag.scaffold_chr
AL1G37850	scaffold_4_RagTag	78.641	206	25	6	3193	3380	15005326	15005530	8.5e-25	119	Nla.ragtag.scaffold_chr
AL1G38110	scaffold_4_RagTag	84.787	493	52	10	50	524	10145365	10145852	5.89e-132	473	Nla.ragtag.scaffold_chr
AL1G38110	scaffold_4_RagTag	96.296	54	2	0	2	55	10145220	10145273	2.49e-16	89.8	Nla.ragtag.scaffold_chr
AL1G38110	scaffold_1_RagTag	81.941	443	44	23	87	524	18076160	18075749	1.73e-92	342	Nla.ragtag.scaffold_chr
AL1G38110	scaffold_1_RagTag	81.432	447	44	24	87	524	10923441	10923857	1.35e-88	329	Nla.ragtag.scaffold_chr
AL1G38110	scaffold_1_RagTag	95.567	203	6	2	1	200	10932050	10932252	2.26e-86	322	Nla.ragtag.scaffold_chr
AL1G38110	scaffold_1_RagTag	73.494	332	70	16	949	1274	10918227	10918546	1.91e-22	110	Nla.ragtag.scaffold_chr
AL1G38110	scaffold_1_RagTag	100	31	0	0	610	640	10931906	10931936	7.03e-07	58.4	Nla.ragtag.scaffold_chr
AL1G38130	scaffold_1_RagTag	90.184	163	9	1	34	189	10945628	10945790	1.82e-51	206	Nla.ragtag.scaffold_chr
AL1G38130	scaffold_1_RagTag	80.272	147	23	6	641	784	10918222	10918365	1.89e-21	106	Nla.ragtag.scaffold_chr
AL3G41480	scaffold_1_RagTag	78.125	384	53	16	362	725	18072708	18073080	3.52e-54	215	Nla.ragtag.scaffold_chr
AL3G41480	scaffold_1_RagTag	77.807	383	56	19	362	725	10926463	10926091	1.64e-52	209	Nla.ragtag.scaffold_chr
AL3G41480	scaffold_1_RagTag	74.32	331	58	17	409	734	10837444	10837136	3.67e-24	115	Nla.ragtag.scaffold_chr
AL3G41480	scaffold_1_RagTag	78.788	99	18	3	623	720	10926935	10926839	1.35e-08	63.9	Nla.ragtag.scaffold_chr
AL3G41490	scaffold_1_RagTag	76.682	223	41	8	362	581	10926463	10926249	7.52e-24	113	Nla.ragtag.scaffold_chr
AL3G41490	scaffold_1_RagTag	75.33	227	44	7	362	585	18072708	18072925	2.1e-19	99	Nla.ragtag.scaffold_chr
AL3G41490	scaffold_1_RagTag	79.137	139	24	5	409	546	10837444	10837310	3.52e-17	91.6	Nla.ragtag.scaffold_chr
AL3G41490	scaffold_1_RagTag	80.556	72	13	1	434	505	10927134	10927064	4.62e-06	54.7	Nla.ragtag.scaffold_chr
AL3G41560	scaffold_1_RagTag	78.125	384	53	16	402	765	18073080	18072708	3.3e-54	215	Nla.ragtag.scaffold_chr
AL3G41560	scaffold_1_RagTag	77.807	383	56	19	402	765	10926091	10926463	1.53e-52	209	Nla.ragtag.scaffold_chr
AL3G41560	scaffold_1_RagTag	74.32	331	58	17	393	718	10837136	10837444	3.44e-24	115	Nla.ragtag.scaffold_chr
AL3G41560	scaffold_1_RagTag	78.788	99	18	3	407	504	10926839	10926935	1.26e-08	63.9	Nla.ragtag.scaffold_chr
AL1G37820	scaffold_1	95.399	2043	60	18	1	2019	10646377	10648409	0	3221	NT1_v2
AL1G37820	scaffold_1	87.719	114	5	4	981	1085	10647288	10647401	1.36e-26	124	NT1_v2
AL1G37820	scaffold_1	87.719	114	5	4	912	1025	10647357	10647461	1.36e-26	124	NT1_v2
AL1G37820	scaffold_1	87.234	94	10	2	2121	2213	10775361	10775453	4.92e-21	106	NT1_v2
AL1G37850	scaffold_1	98.218	2469	31	8	7	2464	10646492	10648958	0	4303	NT1_v2
AL1G37850	scaffold_1	97.773	1033	11	6	2513	3542	10648955	10649978	0	1770	NT1_v2
AL1G37850	scaffold_1	87.719	114	5	4	872	976	10647288	10647401	1.83e-26	124	NT1_v2
AL1G37850	scaffold_1	87.719	114	5	4	803	916	10647357	10647461	1.83e-26	124	NT1_v2
AL1G37850	scaffold_4	84.422	199	22	6	3184	3376	3546190	3545995	2.3e-45	187	NT1_v2
AL1G37850	scaffold_4	84.354	147	16	4	3008	3148	2826509	2826364	2.35e-30	137	NT1_v2
AL1G37850	scaffold_3	82.632	190	29	4	3193	3380	24279034	24278847	1.08e-38	165	NT1_v2
AL1G37850	scaffold_3	86.861	137	12	3	3018	3148	23880793	23880657	1.08e-33	148	NT1_v2
AL1G37850	scaffold_3	84.354	147	16	4	3008	3148	26023975	26024120	2.35e-30	137	NT1_v2
AL1G37850	scaffold_3	91.86	86	3	1	3058	3139	7978110	7978025	3.06e-24	117	NT1_v2
AL1G37850	scaffold_8	88.189	127	9	2	3019	3139	14671355	14671481	3.9e-33	147	NT1_v2
AL1G37850	scaffold_8	80.1	201	27	11	3178	3369	15812489	15812685	2.35e-30	137	NT1_v2
AL1G38110	scaffold_1	91.693	1264	76	13	56	1308	10750835	10752080	0	1725	NT1_v2
AL1G38110	scaffold_1	89.659	1025	82	12	283	1304	10755416	10756419	0	1284	NT1_v2
AL1G38110	scaffold_1	81.49	443	46	23	87	524	10739683	10740094	3.75e-89	331	NT1_v2
AL1G38110	scaffold_1	75	744	131	37	583	1308	10746612	10747318	1.77e-77	292	NT1_v2
AL1G38110	scaffold_1	72.756	312	74	7	589	897	10647915	10648218	5.36e-18	95.3	NT1_v2
AL1G38110	scaffold_1	94.34	53	0	3	1289	1341	10752780	10752829	5.4e-13	78.7	NT1_v2
AL1G38110	scaffold_4	84.99	493	51	10	50	524	12856237	12856724	1.27e-133	479	NT1_v2
AL1G38110	scaffold_4	84.99	493	51	10	50	524	12879270	12879757	1.27e-133	479	NT1_v2
AL1G38110	scaffold_4	96.296	54	2	0	2	55	12856092	12856145	2.49e-16	89.8	NT1_v2
AL1G38110	scaffold_4	96.296	54	2	0	2	55	12879125	12879178	2.49e-16	89.8	NT1_v2
AL1G38130	scaffold_1	95.929	958	15	4	1	943	10755413	10756361	0	1531	NT1_v2
AL1G38130	scaffold_1	87.633	938	67	22	23	929	10751085	10752004	0	1044	NT1_v2
AL1G38130	scaffold_1	90.244	164	8	2	34	189	10774430	10774593	5.05e-52	207	NT1_v2
AL1G38130	scaffold_1	75.776	322	56	10	613	931	10746942	10747244	1.44e-32	143	NT1_v2
AL1G38130	scaffold_1	89.831	59	4	2	953	1009	10751133	10751075	5.34e-12	75	NT1_v2
AL3G41480	scaffold_1	79.341	789	127	9	1	785	10756413	10755657	1.85e-146	521	NT1_v2
AL3G41480	scaffold_1	77.665	788	133	15	1	785	10752070	10751323	5.33e-122	440	NT1_v2
AL3G41480	scaffold_1	78.125	384	53	16	362	725	10743148	10742776	3.52e-54	215	NT1_v2
AL3G41490	scaffold_1	79.153	590	101	9	1	585	10756413	10755841	1.12e-106	388	NT1_v2
AL3G41490	scaffold_1	75.33	227	44	7	362	585	10743148	10742931	2.11e-19	99	NT1_v2
AL3G41560	scaffold_1	79.468	789	126	9	342	1126	10755657	10756413	3.73e-148	527	NT1_v2
AL3G41560	scaffold_1	77.792	788	132	15	342	1126	10751323	10752070	1.07e-123	446	NT1_v2
AL3G41560	scaffold_1	78.125	384	53	16	402	765	10742776	10743148	3.3e-54	215	NT1_v2
AL1G37820	scaffold_1_RagTag	93.945	2081	72	23	1	2034	11337871	11339944	0	3096	NT12_v2
AL1G37820	scaffold_1_RagTag	90.819	806	65	5	981	1783	11364828	11365627	0	1070	NT12_v2
AL1G37820	scaffold_1_RagTag	94.839	465	15	6	368	826	11351599	11352060	0	717	NT12_v2
AL1G37820	scaffold_1_RagTag	82.927	287	32	8	1768	2040	11365662	11365945	3.87e-62	243	NT12_v2
AL1G37820	scaffold_1_RagTag	87.582	153	10	3	873	1025	11364789	11364932	6.67e-40	169	NT12_v2
AL1G37820	scaffold_1_RagTag	97.222	72	2	0	954	1025	11338900	11338971	5.26e-26	122	NT12_v2
AL1G37820	scaffold_1_RagTag	86.842	114	6	4	981	1085	11338798	11338911	6.81e-25	119	NT12_v2
AL1G37820	scaffold_1_RagTag	87.234	94	10	2	2121	2213	11494650	11494742	5.3e-21	106	NT12_v2
AL1G37850	scaffold_1_RagTag	94.257	2072	77	25	7	2054	11338003	11340056	0	3129	NT12_v2
AL1G37850	scaffold_1_RagTag	91.022	802	70	1	872	1673	11364828	11365627	0	1081	NT12_v2
AL1G37850	scaffold_1_RagTag	95.054	465	14	6	259	717	11351599	11352060	0	723	NT12_v2
AL1G37850	scaffold_1_RagTag	77.826	690	77	46	1658	2311	11365662	11366311	1.78e-96	357	NT12_v2
AL1G37850	scaffold_1_RagTag	87.582	153	10	3	764	916	11364789	11364932	8.96e-40	169	NT12_v2
AL1G37850	scaffold_1_RagTag	79.259	270	22	14	2054	2311	11340090	11340337	1.94e-36	158	NT12_v2
AL1G37850	scaffold_1_RagTag	97.222	72	2	0	845	916	11338900	11338971	7.07e-26	122	NT12_v2
AL1G37850	scaffold_1_RagTag	86.842	114	6	4	872	976	11338798	11338911	9.15e-25	119	NT12_v2
AL1G37850	scaffold_6_RagTag	89.167	120	7	3	3027	3140	19496355	19496474	1.51e-32	145	NT12_v2
AL1G37850	scaffold_8_RagTag	80.597	201	25	12	3178	3369	16655635	16655830	5.43e-32	143	NT12_v2
AL1G37850	scaffold_3_RagTag	87.5	128	10	5	3018	3139	22134293	22134420	5.43e-32	143	NT12_v2
AL1G37850	scaffold_3_RagTag	84.354	147	16	4	3008	3148	25454727	25454872	2.53e-30	137	NT12_v2
AL1G38110	scaffold_1_RagTag	98.064	1343	22	2	1	1341	11471585	11472925	0	2333	NT12_v2
AL1G38110	scaffold_1_RagTag	90.555	1027	75	13	283	1304	11475476	11476485	0	1339	NT12_v2
AL1G38110	scaffold_1_RagTag	81.879	447	41	23	87	524	11464215	11464630	6.71e-92	340	NT12_v2
AL1G38110	scaffold_1_RagTag	80.282	142	22	6	949	1087	11451969	11452107	3.45e-20	102	NT12_v2
AL1G38110	scaffold_4_RagTag	84.444	495	52	11	50	524	11876770	11877259	3.82e-129	464	NT12_v2
AL1G38110	scaffold_4_RagTag	96.296	54	2	0	2	55	11876627	11876680	2.68e-16	89.8	NT12_v2
AL1G38130	scaffold_1_RagTag	96.042	960	16	4	1	943	11475473	11476427	0	1543	NT12_v2
AL1G38130	scaffold_1_RagTag	93.832	762	34	4	190	943	11472074	11472830	0	1134	NT12_v2
AL1G38130	scaffold_1_RagTag	89.634	164	9	2	34	189	11493720	11493883	2.53e-50	202	NT12_v2
AL1G38130	scaffold_1_RagTag	98.925	93	1	0	941	1033	11469372	11469280	9.23e-40	167	NT12_v2
AL1G38130	scaffold_1_RagTag	79.592	147	24	6	641	784	11451964	11452107	9.49e-20	100	NT12_v2
AL3G41480	scaffold_1_RagTag	79.293	792	126	15	1	785	11472882	11472122	7.17e-146	520	NT12_v2
AL3G41480	scaffold_1_RagTag	79.193	793	125	11	1	785	11476479	11475719	3.34e-144	514	NT12_v2
AL3G41480	scaffold_1_RagTag	77.807	383	56	19	362	725	11467240	11466868	1.76e-52	209	NT12_v2
AL3G41480	scaffold_1_RagTag	74.32	331	58	17	409	734	11339733	11339425	3.95e-24	115	NT12_v2
AL3G41480	scaffold_1_RagTag	78.788	99	18	3	623	720	11467712	11467616	1.45e-08	63.9	NT12_v2
AL3G41490	scaffold_1_RagTag	78.788	594	100	11	1	585	11476479	11475903	9.35e-103	375	NT12_v2
AL3G41490	scaffold_1_RagTag	76.682	223	41	8	362	581	11467240	11467026	8.1e-24	113	NT12_v2
AL3G41490	scaffold_1_RagTag	79.137	139	24	5	409	546	11339733	11339599	3.79e-17	91.6	NT12_v2
AL3G41490	scaffold_1_RagTag	80.556	72	13	1	434	505	11467911	11467841	4.98e-06	54.7	NT12_v2
AL3G41560	scaffold_1_RagTag	76.746	1088	168	43	78	1126	11471841	11472882	1.12e-148	529	NT12_v2
AL3G41560	scaffold_1_RagTag	79.319	793	124	12	342	1126	11475719	11476479	6.72e-146	520	NT12_v2
AL3G41560	scaffold_1_RagTag	77.807	383	56	19	402	765	11466868	11467240	1.65e-52	209	NT12_v2
AL3G41560	scaffold_1_RagTag	74.32	331	58	17	393	718	11339425	11339733	3.7e-24	115	NT12_v2
AL3G41560	scaffold_1_RagTag	78.788	99	18	3	407	504	11467616	11467712	1.36e-08	63.9	NT12_v2
AL1G37820	scaffold_1_RagTag	93.789	2061	71	25	1	2019	11539556	11541601	0	3044	NT8_v2_fix
AL1G37820	scaffold_1_RagTag	87.719	114	5	4	912	1025	11540549	11540653	1.45e-26	124	NT8_v2_fix
AL1G37820	scaffold_1_RagTag	97.222	72	2	0	1014	1085	11540522	11540593	5.22e-26	122	NT8_v2_fix
AL1G37820	scaffold_1_RagTag	89.024	82	7	2	2121	2201	11685257	11685337	2.44e-19	100	NT8_v2_fix
AL1G37850	scaffold_1_RagTag	97.635	3552	47	13	7	3542	11539688	11543218	0	6059	NT8_v2_fix
AL1G37850	scaffold_1_RagTag	87.719	114	5	4	803	916	11540549	11540653	1.95e-26	124	NT8_v2_fix
AL1G37850	scaffold_1_RagTag	97.222	72	2	0	905	976	11540522	11540593	7.01e-26	122	NT8_v2_fix
AL1G38110	scaffold_1_RagTag	98.064	1343	22	2	1	1341	11658989	11660329	0	2333	NT8_v2_fix
AL1G38110	scaffold_1_RagTag	90.652	1027	74	13	283	1304	11665043	11666052	0	1345	NT8_v2_fix
AL1G38110	scaffold_1_RagTag	81.655	447	42	23	87	524	11651635	11652050	3.09e-90	335	NT8_v2_fix
AL1G38110	scaffold_4_RagTag	84.381	493	54	10	50	524	13119762	13120249	1.36e-128	462	NT8_v2_fix
AL1G38110	scaffold_4_RagTag	96.296	54	2	0	2	55	13119619	13119672	2.66e-16	89.8	NT8_v2_fix
AL1G38130	scaffold_1_RagTag	96.354	960	13	4	1	943	11665040	11665994	0	1559	NT8_v2_fix
AL1G38130	scaffold_1_RagTag	93.832	762	34	4	190	943	11659478	11660234	0	1134	NT8_v2_fix
AL1G38130	scaffold_1_RagTag	90.244	164	8	2	34	189	11684327	11684490	5.39e-52	207	NT8_v2_fix
AL1G38130	scaffold_1_RagTag	98.925	93	1	0	941	1033	11656776	11656684	9.15e-40	167	NT8_v2_fix
AL3G41480	scaffold_1_RagTag	79.293	792	126	15	1	785	11660286	11659526	7.11e-146	520	NT8_v2_fix
AL3G41480	scaffold_1_RagTag	79.067	793	126	11	1	785	11666046	11665286	1.54e-142	508	NT8_v2_fix
AL3G41480	scaffold_1_RagTag	77.807	383	56	19	362	725	11654654	11654282	1.75e-52	209	NT8_v2_fix
AL3G41480	scaffold_1_RagTag	78.788	99	18	3	623	720	11655126	11655030	1.44e-08	63.9	NT8_v2_fix
AL3G41490	scaffold_1_RagTag	78.451	594	102	11	1	585	11666046	11665470	2.01e-99	364	NT8_v2_fix
AL3G41490	scaffold_1_RagTag	76.682	223	41	8	362	581	11654654	11654440	8.02e-24	113	NT8_v2_fix
AL3G41490	scaffold_1_RagTag	80.556	72	13	1	434	505	11655325	11655255	4.93e-06	54.7	NT8_v2_fix
AL3G41560	scaffold_1_RagTag	76.838	1088	167	43	78	1126	11659245	11660286	2.38e-150	534	NT8_v2_fix
AL3G41560	scaffold_1_RagTag	79.193	793	125	12	342	1126	11665286	11666046	3.1e-144	514	NT8_v2_fix
AL3G41560	scaffold_1_RagTag	77.807	383	56	19	402	765	11654282	11654654	1.64e-52	209	NT8_v2_fix
AL3G41560	scaffold_1_RagTag	78.788	99	18	3	407	504	11655030	11655126	1.35e-08	63.9	NT8_v2_fix
AL1G37820	scaffold_1_RagTag	95.002	2061	52	23	1	2019	11256653	11258704	0	3188	NT9_v2
AL1G37820	scaffold_1_RagTag	87.719	114	5	4	981	1085	11257582	11257695	1.45e-26	124	NT9_v2
AL1G37820	scaffold_1_RagTag	87.719	114	5	4	912	1025	11257651	11257755	1.45e-26	124	NT9_v2
AL1G37820	scaffold_1_RagTag	87.234	94	10	2	2121	2213	11413638	11413730	5.26e-21	106	NT9_v2
AL1G37850	scaffold_1_RagTag	98.441	2181	21	5	7	2175	11256785	11258964	0	3827	NT9_v2
AL1G37850	scaffold_1_RagTag	97.821	1377	18	6	2169	3542	11263911	11265278	0	2366	NT9_v2
AL1G37850	scaffold_1_RagTag	87.719	114	5	4	872	976	11257582	11257695	1.95e-26	124	NT9_v2
AL1G37850	scaffold_1_RagTag	87.719	114	5	4	803	916	11257651	11257755	1.95e-26	124	NT9_v2
AL1G37850	scaffold_8_RagTag	89.764	127	6	6	3018	3138	16502525	16502650	6.93e-36	156	NT9_v2
AL1G37850	scaffold_8_RagTag	80.597	201	25	12	3178	3369	16568505	16568700	5.39e-32	143	NT9_v2
AL1G37850	scaffold_8_RagTag	84.354	147	16	4	3008	3148	12519271	12519126	2.51e-30	137	NT9_v2
AL1G37850	scaffold_3_RagTag	85.401	137	14	5	3018	3148	22098367	22098231	2.51e-30	137	NT9_v2
AL1G37850	scaffold_4_RagTag	78.641	206	25	6	3193	3380	17893740	17893944	9.09e-25	119	NT9_v2
AL1G38110	scaffold_1_RagTag	98.213	1343	20	2	1	1341	11376786	11378126	0	2344	NT9_v2
AL1G38110	scaffold_1_RagTag	90.555	1027	75	13	283	1304	11380701	11381710	0	1339	NT9_v2
AL1G38110	scaffold_1_RagTag	81.655	447	42	23	87	524	11369429	11369844	3.1e-90	335	NT9_v2
AL1G38110	scaffold_1_RagTag	73.077	312	73	6	589	897	11258210	11258513	1.23e-19	100	NT9_v2
AL1G38110	scaffold_4_RagTag	84.381	493	54	10	50	524	12157353	12157840	1.36e-128	462	NT9_v2
AL1G38110	scaffold_4_RagTag	96.296	54	2	0	2	55	12157210	12157263	2.66e-16	89.8	NT9_v2
AL1G38130	scaffold_1_RagTag	96.25	960	14	4	1	943	11380698	11381652	0	1554	NT9_v2
AL1G38130	scaffold_1_RagTag	93.963	762	33	4	190	943	11377275	11378031	0	1140	NT9_v2
AL1G38130	scaffold_1_RagTag	90.244	164	8	2	34	189	11412707	11412870	5.4e-52	207	NT9_v2
AL1G38130	scaffold_1_RagTag	98.925	93	1	0	941	1033	11374574	11374482	9.16e-40	167	NT9_v2
AL3G41480	scaffold_1_RagTag	79.419	792	125	15	1	785	11378083	11377323	1.53e-147	525	NT9_v2
AL3G41480	scaffold_1_RagTag	79.067	793	126	11	1	785	11381704	11380944	1.54e-142	508	NT9_v2
AL3G41480	scaffold_1_RagTag	77.807	383	56	19	362	725	11372458	11372086	1.75e-52	209	NT9_v2
AL3G41480	scaffold_1_RagTag	78.788	99	18	3	623	720	11372930	11372834	1.44e-08	63.9	NT9_v2
AL3G41490	scaffold_1_RagTag	78.451	594	102	11	1	585	11381704	11381128	2.01e-99	364	NT9_v2
AL3G41490	scaffold_1_RagTag	76.682	223	41	8	362	581	11372458	11372244	8.04e-24	113	NT9_v2
AL3G41490	scaffold_1_RagTag	80.556	72	13	1	434	505	11373129	11373059	4.94e-06	54.7	NT9_v2
AL3G41560	scaffold_1_RagTag	76.93	1088	166	43	78	1126	11377042	11378083	5.12e-152	540	NT9_v2
AL3G41560	scaffold_1_RagTag	79.193	793	125	12	342	1126	11380944	11381704	3.1e-144	514	NT9_v2
AL3G41560	scaffold_1_RagTag	77.807	383	56	19	402	765	11372086	11372458	1.64e-52	209	NT9_v2
AL3G41560	scaffold_1_RagTag	78.788	99	18	3	407	504	11372834	11372930	1.35e-08	63.9	NT9_v2
AL1G37820	scaffold_1	91.065	2093	101	38	1	2019	11542360	11544440	0	2750	PU6_v3_fin
AL1G37820	scaffold_1	87.719	114	5	4	981	1085	11543318	11543431	1.44e-26	124	PU6_v3_fin
AL1G37820	scaffold_1	87.719	114	5	4	912	1025	11543387	11543491	1.44e-26	124	PU6_v3_fin
AL1G37820	scaffold_1	87.234	94	10	2	2121	2213	11674637	11674729	5.23e-21	106	PU6_v3_fin
AL1G37850	scaffold_1	95.346	3588	89	35	8	3542	11542494	11546056	0	5629	PU6_v3_fin
AL1G37850	scaffold_1	87.755	147	10	4	3010	3148	27134679	27134825	1.14e-38	165	PU6_v3_fin
AL1G37850	scaffold_1	87.719	114	5	4	872	976	11543318	11543431	1.94e-26	124	PU6_v3_fin
AL1G37850	scaffold_1	87.719	114	5	4	803	916	11543387	11543491	1.94e-26	124	PU6_v3_fin
AL1G37850	scaffold_7	87.681	138	10	4	3008	3139	12394531	12394395	2.48e-35	154	PU6_v3_fin
AL1G37850	scaffold_8	80.597	201	26	11	3178	3369	16770601	16770797	5.36e-32	143	PU6_v3_fin
AL1G37850	scaffold_8	87.402	127	10	2	3019	3139	15509311	15509437	1.93e-31	141	PU6_v3_fin
AL1G37850	scaffold_3	86.131	137	13	5	3018	3148	22431991	22431855	5.36e-32	143	PU6_v3_fin
AL1G37850	scaffold_6	88.793	116	7	3	3030	3139	18690482	18690597	2.49e-30	137	PU6_v3_fin
AL1G37850	scaffold_2	84.354	147	16	4	3008	3148	18004047	18003902	2.49e-30	137	PU6_v3_fin
AL1G38110	scaffold_4	84.567	473	49	11	68	522	10663006	10663472	3.79e-124	448	PU6_v3_fin
AL1G38110	scaffold_4	96.296	54	2	0	2	55	10659215	10659268	2.65e-16	89.8	PU6_v3_fin
AL1G38110	scaffold_1	81.432	447	43	23	87	524	11646625	11647040	1.43e-88	329	PU6_v3_fin
AL1G38110	scaffold_1	96.341	164	4	1	1	162	11662577	11662740	3.17e-70	268	PU6_v3_fin
AL1G38110	scaffold_1	74.024	743	138	32	583	1308	11658937	11659641	3.19e-65	252	PU6_v3_fin
AL1G38110	scaffold_1	81.295	139	24	2	949	1087	11630373	11630509	5.65e-23	111	PU6_v3_fin
AL1G38110	scaffold_1	73.077	312	73	6	589	897	11543946	11544249	1.22e-19	100	PU6_v3_fin
AL1G38110	scaffold_1	100	30	0	0	611	640	11662433	11662462	2.69e-06	56.5	PU6_v3_fin
AL1G38130	scaffold_1	90.244	164	8	2	34	189	11673706	11673869	5.37e-52	207	PU6_v3_fin
AL1G38130	scaffold_1	74.613	323	56	13	613	931	11659267	11659567	2.59e-25	119	PU6_v3_fin
AL1G38130	scaffold_1	80.556	144	26	2	641	784	11630368	11630509	1.56e-22	110	PU6_v3_fin
AL3G41480	scaffold_1	77.807	383	56	19	362	725	11649638	11649266	1.74e-52	209	PU6_v3_fin
AL3G41490	scaffold_1	76.682	223	41	8	362	581	11649638	11649424	7.99e-24	113	PU6_v3_fin
AL3G41560	scaffold_1	77.807	383	56	19	402	765	11649266	11649638	1.63e-52	209	PU6_v3_fin
AL1G37820	scaffold_1_RagTag	94.369	2060	65	22	1	2019	11623834	11625883	0	3114	TE11_v2
AL1G37820	scaffold_1_RagTag	87.719	114	5	4	981	1085	11624761	11624874	1.43e-26	124	TE11_v2
AL1G37820	scaffold_1_RagTag	87.719	114	5	4	912	1025	11624830	11624934	1.43e-26	124	TE11_v2
AL1G37850	scaffold_1_RagTag	97.697	3561	46	17	7	3542	11623966	11627515	0	6089	TE11_v2
AL1G37850	scaffold_1_RagTag	83.721	172	23	5	3176	3345	7149163	7148995	1.89e-36	158	TE11_v2
AL1G37850	scaffold_1_RagTag	87.719	114	5	4	872	976	11624761	11624874	1.92e-26	124	TE11_v2
AL1G37850	scaffold_1_RagTag	87.719	114	5	4	803	916	11624830	11624934	1.92e-26	124	TE11_v2
AL1G37850	scaffold_3_RagTag	87.681	138	10	4	3008	3139	21062378	21062242	2.45e-35	154	TE11_v2
AL1G37850	scaffold_3_RagTag	86.131	137	13	5	3018	3148	22359620	22359484	5.3e-32	143	TE11_v2
AL1G38110	scaffold_1_RagTag	81.432	447	43	23	87	524	11732764	11733179	1.42e-88	329	TE11_v2
AL1G38110	scaffold_1_RagTag	96.341	164	4	1	1	162	11744393	11744556	3.14e-70	268	TE11_v2
AL1G38110	scaffold_1_RagTag	74.159	743	137	32	583	1308	11741378	11742082	6.79e-67	257	TE11_v2
AL1G38110	scaffold_1_RagTag	81.295	139	24	2	949	1087	11711880	11712016	5.59e-23	111	TE11_v2
AL1G38110	scaffold_1_RagTag	72.756	312	74	6	589	897	11625389	11625692	5.63e-18	95.3	TE11_v2
AL1G38110	scaffold_1_RagTag	82.418	91	14	2	916	1005	11164602	11164691	5.67e-13	78.7	TE11_v2
AL1G38110	scaffold_1_RagTag	100	30	0	0	611	640	11744249	11744278	2.66e-06	56.5	TE11_v2
AL1G38110	scaffold_4_RagTag	91.892	111	6	2	50	158	11523346	11523455	3.3e-35	152	TE11_v2
AL1G38130	scaffold_1_RagTag	90.244	164	8	2	34	189	11763906	11764069	5.31e-52	207	TE11_v2
AL1G38130	scaffold_1_RagTag	74.613	323	56	13	613	931	11741708	11742008	2.56e-25	119	TE11_v2
AL1G38130	scaffold_1_RagTag	80.556	144	26	2	641	784	11711875	11712016	1.54e-22	110	TE11_v2
AL1G38130	scaffold_1_RagTag	82.609	92	12	4	613	702	11164602	11164691	4.34e-13	78.7	TE11_v2
AL3G41480	scaffold_1_RagTag	78.125	384	53	16	362	725	11735786	11735414	3.7e-54	215	TE11_v2
AL3G41490	scaffold_1_RagTag	75.33	227	44	7	362	585	11735786	11735569	2.21e-19	99	TE11_v2
AL3G41560	scaffold_1_RagTag	78.125	384	53	16	402	765	11735414	11735786	3.47e-54	215	TE11_v2
AL1G37820	scaffold_1_RagTag:94989-32092331	90.771	2113	110	39	1	2034	11604101	11606207	0	2743	TE4_v1
AL1G37820	scaffold_1_RagTag:94989-32092331	93.966	1044	31	7	1	1025	11600919	11601949	0	1550	TE4_v1
AL1G37820	scaffold_1_RagTag:94989-32092331	88.306	1086	93	16	981	2040	11601845	11602922	0	1271	TE4_v1
AL1G37820	scaffold_1_RagTag:94989-32092331	80.117	513	81	13	1530	2025	11607485	11607993	2.82e-98	363	TE4_v1
AL1G37820	scaffold_1_RagTag:94989-32092331	87.826	115	5	4	912	1026	11605129	11605234	4.02e-27	126	TE4_v1
AL1G37820	scaffold_1_RagTag:94989-32092331	86.842	114	6	4	981	1085	11605060	11605173	6.73e-25	119	TE4_v1
AL1G37820	scaffold_1_RagTag:94989-32092331	87.234	94	10	2	2121	2213	11734109	11734201	5.24e-21	106	TE4_v1
AL1G37820	scaffold_1_RagTag:94989-32092331	80.556	108	5	10	2169	2269	11608132	11608230	6.88e-10	69.4	TE4_v1
AL1G37850	scaffold_1_RagTag:94989-32092331	91.013	2103	118	38	7	2054	11604233	11606319	0	2771	TE4_v1
AL1G37850	scaffold_1_RagTag:94989-32092331	95.385	910	28	5	8	916	11601053	11601949	0	1435	TE4_v1
AL1G37850	scaffold_1_RagTag:94989-32092331	84.74	1481	136	45	872	2311	11601845	11603276	0	1400	TE4_v1
AL1G37850	scaffold_1_RagTag:94989-32092331	86.245	269	17	9	2054	2311	11606353	11606612	1.83e-71	274	TE4_v1
AL1G37850	scaffold_1_RagTag:94989-32092331	83.721	172	23	5	3176	3345	7105817	7105649	1.92e-36	158	TE4_v1
AL1G37850	scaffold_1_RagTag:94989-32092331	87.826	115	5	4	803	917	11605129	11605234	5.41e-27	126	TE4_v1
AL1G37850	scaffold_1_RagTag:94989-32092331	86.842	114	6	4	872	976	11605060	11605173	9.05e-25	119	TE4_v1
AL1G37850	scaffold_3_RagTag:1-25320414	86.861	137	12	3	3018	3148	21989995	21989859	1.15e-33	148	TE4_v1
AL1G38110	scaffold_4_RagTag:329527-26177039	84.787	493	52	10	50	524	12932289	12932776	6.27e-132	473	TE4_v1
AL1G38110	scaffold_1_RagTag:94989-32092331	81.941	443	44	23	87	524	11713090	11713501	1.85e-92	342	TE4_v1
AL1G38110	scaffold_1_RagTag:94989-32092331	80.38	158	27	2	740	897	11602556	11602709	1.22e-24	117	TE4_v1
AL1G38110	scaffold_1_RagTag:94989-32092331	80.282	142	22	6	949	1087	11693166	11693304	3.41e-20	102	TE4_v1
AL1G38130	scaffold_1_RagTag:94989-32092331	90.244	164	8	2	34	189	11733179	11733342	5.38e-52	207	TE4_v1
AL1G38130	scaffold_1_RagTag:94989-32092331	79.592	147	24	6	641	784	11693161	11693304	9.39e-20	100	TE4_v1
AL3G41480	scaffold_1_RagTag:94989-32092331	77.865	384	54	16	362	725	11722252	11721880	1.74e-52	209	TE4_v1
AL3G41480	scaffold_1_RagTag:94989-32092331	74.32	331	58	17	409	734	11605995	11605687	3.91e-24	115	TE4_v1
AL3G41490	scaffold_1_RagTag:94989-32092331	74.89	227	45	7	362	585	11722252	11722035	1.04e-17	93.5	TE4_v1
AL3G41490	scaffold_1_RagTag:94989-32092331	79.137	139	24	5	409	546	11605995	11605861	3.75e-17	91.6	TE4_v1
AL3G41560	scaffold_1_RagTag:94989-32092331	77.865	384	54	16	402	765	11721880	11722252	1.63e-52	209	TE4_v1
AL3G41560	scaffold_1_RagTag:94989-32092331	74.32	331	58	17	393	718	11605687	11605995	3.66e-24	115	TE4_v1
AL1G37820	scaffold_1_RagTag:13975-33400674	90.922	2082	111	37	1	2019	11674522	11676588	0	2726	TE8_v1
AL1G37820	scaffold_1_RagTag:13975-33400674	93.87	1044	32	7	1	1025	11671317	11672347	0	1544	TE8_v1
AL1G37820	scaffold_1_RagTag:13975-33400674	88.398	1086	92	15	981	2040	11672243	11673320	0	1277	TE8_v1
AL1G37820	scaffold_1_RagTag:13975-33400674	87.719	114	5	4	981	1085	11675466	11675579	1.44e-26	124	TE8_v1
AL1G37820	scaffold_1_RagTag:13975-33400674	87.719	114	5	4	912	1025	11675535	11675639	1.44e-26	124	TE8_v1
AL1G37820	scaffold_1_RagTag:13975-33400674	89.024	82	7	2	2121	2201	11825021	11825101	2.43e-19	100	TE8_v1
AL1G37850	scaffold_1_RagTag:13975-33400674	95.361	3578	95	33	7	3542	11674654	11678202	0	5622	TE8_v1
AL1G37850	scaffold_1_RagTag:13975-33400674	95.275	910	29	5	8	916	11671451	11672347	0	1430	TE8_v1
AL1G37850	scaffold_1_RagTag:13975-33400674	84.818	1482	134	52	872	2311	11672243	11673675	0	1406	TE8_v1
AL1G37850	scaffold_1_RagTag:13975-33400674	83.333	150	18	4	3008	3151	13295891	13295743	1.16e-28	132	TE8_v1
AL1G37850	scaffold_1_RagTag:13975-33400674	87.719	114	5	4	872	976	11675466	11675579	1.94e-26	124	TE8_v1
AL1G37850	scaffold_1_RagTag:13975-33400674	87.719	114	5	4	803	916	11675535	11675639	1.94e-26	124	TE8_v1
AL1G37850	scaffold_3_RagTag:1-26654334	86.861	137	12	3	3018	3148	21903196	21903060	1.15e-33	148	TE8_v1
AL1G37850	scaffold_5_RagTag:609893-23791649	88.189	127	10	2	3018	3139	11576484	11576358	4.13e-33	147	TE8_v1
AL1G37850	scaffold_7_RagTag:0-28571223	84.354	147	16	4	3008	3148	16687676	16687821	2.49e-30	137	TE8_v1
AL1G38110	scaffold_4_RagTag:825599-25061996	85.041	488	55	10	50	524	11493179	11493661	3.73e-134	481	TE8_v1
AL1G38110	scaffold_4_RagTag:825599-25061996	94.444	54	3	0	2	55	11493036	11493089	1.23e-14	84.2	TE8_v1
AL1G38110	scaffold_1_RagTag:13975-33400674	81.716	443	45	23	87	524	11791870	11792281	8.54e-91	337	TE8_v1
AL1G38110	scaffold_1_RagTag:13975-33400674	96.341	164	4	1	1	162	11804583	11804746	3.16e-70	268	TE8_v1
AL1G38110	scaffold_1_RagTag:13975-33400674	74.159	743	137	32	583	1308	11801603	11802307	6.84e-67	257	TE8_v1
AL1G38110	scaffold_1_RagTag:13975-33400674	80.38	158	27	2	740	897	11672954	11673107	1.21e-24	117	TE8_v1
AL1G38110	scaffold_1_RagTag:13975-33400674	81.295	139	24	2	949	1087	11773790	11773926	5.64e-23	111	TE8_v1
AL1G38110	scaffold_1_RagTag:13975-33400674	78.363	171	30	5	916	1080	11146366	11146535	9.43e-21	104	TE8_v1
AL1G38110	scaffold_1_RagTag:13975-33400674	72.843	313	72	7	589	897	11676094	11676397	5.68e-18	95.3	TE8_v1
AL1G38110	scaffold_1_RagTag:13975-33400674	100	30	0	0	611	640	11804439	11804468	2.68e-06	56.5	TE8_v1
AL1G38130	scaffold_1_RagTag:13975-33400674	90.244	164	8	2	34	189	11824090	11824253	5.35e-52	207	TE8_v1
AL1G38130	scaffold_1_RagTag:13975-33400674	74.613	323	56	13	613	931	11801933	11802233	2.58e-25	119	TE8_v1
AL1G38130	scaffold_1_RagTag:13975-33400674	80.556	144	26	2	641	784	11773785	11773926	1.55e-22	110	TE8_v1
AL1G38130	scaffold_1_RagTag:13975-33400674	77.907	172	29	7	613	777	11146366	11146535	3.36e-19	99	TE8_v1
AL3G41480	scaffold_1_RagTag:13975-33400674	77.865	384	54	16	362	725	11795346	11794974	1.73e-52	209	TE8_v1
AL3G41490	scaffold_1_RagTag:13975-33400674	74.89	227	45	7	362	585	11795346	11795129	1.04e-17	93.5	TE8_v1
AL3G41560	scaffold_1_RagTag:13975-33400674	77.865	384	54	16	402	765	11794974	11795346	1.62e-52	209	TE8_v1
AL1G37820	scaffold_1_RagTag	93.18	1349	58	17	696	2019	11310104	11311443	0	1951	WS1_v2_s
AL1G37820	scaffold_1_RagTag	92.514	1042	22	6	1	1025	11295358	11296360	0	1441	WS1_v2_s
AL1G37820	scaffold_1_RagTag	88.49	1086	91	15	981	2040	11296256	11297333	0	1282	WS1_v2_s
AL1G37820	scaffold_1_RagTag	86.303	752	49	21	1	700	11298530	11299279	0	769	WS1_v2_s
AL1G37820	scaffold_1_RagTag	87.719	114	5	4	981	1085	11310320	11310433	1.4e-26	124	WS1_v2_s
AL1G37820	scaffold_1_RagTag	87.719	114	5	4	912	1025	11310389	11310493	1.4e-26	124	WS1_v2_s
AL1G37820	scaffold_1_RagTag	89.362	94	8	2	2121	2213	11494113	11494205	2.33e-24	117	WS1_v2_s
AL1G37850	scaffold_1_RagTag	98.182	2971	33	13	587	3542	11310104	11313068	0	5168	WS1_v2_s
AL1G37850	scaffold_1_RagTag	84.875	1481	134	45	872	2311	11296256	11297687	0	1411	WS1_v2_s
AL1G37850	scaffold_1_RagTag	93.187	910	23	5	7	916	11295490	11296360	0	1301	WS1_v2_s
AL1G37850	scaffold_1_RagTag	86.107	619	51	16	7	591	11298662	11299279	7.01e-180	634	WS1_v2_s
AL1G37850	scaffold_1_RagTag	87.719	114	5	4	872	976	11310320	11310433	1.87e-26	124	WS1_v2_s
AL1G37850	scaffold_1_RagTag	87.719	114	5	4	803	916	11310389	11310493	1.87e-26	124	WS1_v2_s
AL1G37850	scaffold_6_RagTag	89.167	120	7	3	3027	3140	19676468	19676587	1.44e-32	145	WS1_v2_s
AL1G37850	scaffold_8_RagTag	80.597	201	26	11	3178	3369	17526364	17526560	5.18e-32	143	WS1_v2_s
AL1G37850	scaffold_3_RagTag	84.615	143	16	5	3018	3154	21432203	21432061	2.41e-30	137	WS1_v2_s
AL1G37850	scaffold_2_RagTag	85.294	136	15	2	3018	3148	13611156	13611291	8.66e-30	135	WS1_v2_s
AL1G38110	scaffold_1_RagTag	99.466	749	4	0	593	1341	11457542	11458290	0	1362	WS1_v2_s
AL1G38110	scaffold_1_RagTag	90.068	1027	76	14	283	1304	11461127	11462132	0	1308	WS1_v2_s
AL1G38110	scaffold_1_RagTag	95.752	612	22	2	1	610	11451049	11451658	0	983	WS1_v2_s
AL1G38110	scaffold_1_RagTag	81.655	447	42	23	87	524	11443631	11444046	2.98e-90	335	WS1_v2_s
AL1G38110	scaffold_1_RagTag	80.38	158	27	2	740	897	11296967	11297120	1.17e-24	117	WS1_v2_s
AL1G38110	scaffold_1_RagTag	81.295	139	24	2	949	1087	11426291	11426427	5.46e-23	111	WS1_v2_s
AL1G38110	scaffold_4_RagTag	85.396	493	49	10	50	524	8576955	8577442	6e-137	490	WS1_v2_s
AL1G38110	scaffold_4_RagTag	96.296	54	2	0	2	55	8576809	8576862	2.56e-16	89.8	WS1_v2_s
AL1G38130	scaffold_1_RagTag	95.521	960	17	5	1	943	11461124	11462074	0	1511	WS1_v2_s
AL1G38130	scaffold_1_RagTag	94.234	659	25	4	293	943	11457542	11458195	0	994	WS1_v2_s
AL1G38130	scaffold_1_RagTag	90.244	164	8	2	34	189	11493183	11493346	5.18e-52	207	WS1_v2_s
AL1G38130	scaffold_1_RagTag	98.925	93	1	0	941	1033	11448788	11448696	8.8e-40	167	WS1_v2_s
AL1G38130	scaffold_1_RagTag	80.556	144	26	2	641	784	11426286	11426427	1.5e-22	110	WS1_v2_s
AL3G41480	scaffold_1_RagTag	79.341	789	127	9	1	785	11462126	11461370	1.9e-146	521	WS1_v2_s
AL3G41480	scaffold_1_RagTag	79.111	742	117	15	1	735	11458247	11457537	4.17e-133	477	WS1_v2_s
AL3G41480	scaffold_1_RagTag	77.807	383	56	19	362	725	11446642	11446270	1.68e-52	209	WS1_v2_s
AL3G41480	scaffold_1_RagTag	78.788	99	18	3	623	720	11447114	11447018	1.38e-08	63.9	WS1_v2_s
AL3G41490	scaffold_1_RagTag	78.983	590	102	9	1	585	11462126	11461554	5.33e-105	383	WS1_v2_s
AL3G41490	scaffold_1_RagTag	76.682	223	41	8	362	581	11446642	11446428	7.72e-24	113	WS1_v2_s
AL3G41490	scaffold_1_RagTag	80.556	72	13	1	434	505	11447313	11447243	4.74e-06	54.7	WS1_v2_s
AL3G41560	scaffold_1_RagTag	79.468	789	126	9	342	1126	11461370	11462126	3.83e-148	527	WS1_v2_s
AL3G41560	scaffold_1_RagTag	79.245	742	116	16	392	1126	11457537	11458247	8.4e-135	483	WS1_v2_s
AL3G41560	scaffold_1_RagTag	77.807	383	56	19	402	765	11446270	11446642	1.57e-52	209	WS1_v2_s
AL3G41560	scaffold_1_RagTag	78.788	99	18	3	407	504	11447018	11447114	1.3e-08	63.9	WS1_v2_s
