NT1	NT8	NT9	NT12	PU6	TE11	TE4	TE8	BAM12	AL08	BOR	MN47	KN005	AL27	KN006	al1	WS1	KN003	73_3a	ALR	NLA	F1_14
1.42885636794505	1.40716315563512	1.31353901365519	1.46316645958893	-0.00405520291522594	0.513372304723296	0.547243997109468	0.50104846526118	0.839976013812677	-0.582989850518012	-0.623837782817453	-0.552583871461515	-0.535965121685629	-0.62798884611365	-0.5109746260925	0.15564224650198	-0.0447406183175204	-0.52968294537969	-0.645311489495301	-0.654059030065287	-0.663149047979673	-0.647088522467453
1.33168579315959	2.08114877207304	0.945449100528036	0.912721074346309	-0.0798387409756021	0.457003871862148	0.504725520736946	0.450048599183403	0.77723712468488	-0.612344006446965	-0.68587619493135	-0.60564446787561	-0.576368355013332	-0.684986927430431	-0.580450013651839	0.0937056055543968	-0.101636569099237	-0.57033016511554	-0.684330613612152	-0.687471322266358	-0.682460000335523	-0.673567574486123
1.25871829663403	0.973621865972233	1.8430696499407	0.919227116259947	0.049521706046319	0.511738879916267	0.5344323623376	0.495677301035756	0.865447155360465	-0.598255834388539	-0.633588900165026	-0.554343261405495	-0.521250223573015	-0.613597061874871	-0.498092495818296	0.199302230695457	9.03183076644747e-05	-0.532484457380745	-0.652376442557326	-0.656054280244729	-0.681334575307954	-0.658179149077616
1.69616501404153	1.16150831939145	1.14486395208154	2.55548689717109	0.0101910951608814	0.56269480636397	0.589510339694531	0.543266616167342	0.865313800818905	-0.550213053712906	-0.562797744894416	-0.505430445999612	-0.515868136164033	-0.596845205600366	-0.459583691930013	0.166704933331309	-0.0401107066240877	-0.488852753515296	-0.609131428321241	-0.628977151107355	-0.635840971142242	-0.619631488787908
0.589172878902498	0.526484510971059	0.722270375070898	0.484883781829527	2.48135258370362	0.703438165688498	0.742971382472332	0.639422815739449	0.602585101138153	-0.0474947066282757	-0.156738348824741	-0.294921491893143	-0.328569178575402	-0.071376299119292	-0.35558841455786	1.91416923209715	2.0863612065021	-0.326143154894461	-0.129076762627257	-0.146058546490027	-0.149709560586387	-0.16949023616574
0.444715252757344	0.461915605285473	0.475399861256943	0.373564465290632	0.0154679541407136	2.12334324777358	1.50031680458506	1.44404149056408	0.472514228762321	-0.57656694211317	-0.62098042379322	-0.500296531785954	-0.448884802863394	-0.608713324929681	-0.494644422348112	0.0166304122265361	0.011496609704891	-0.5024862996394	-0.632675992601512	-0.609007876125784	-0.655260065871079	-0.647333970703157
0.444685430523596	0.475193121763475	0.464626273212076	0.367351397224692	0.0179422193317866	1.46152353249651	1.89005086831935	1.43341211060139	0.434594099361825	-0.601981723108042	-0.671741335365522	-0.537123581475857	-0.492111044984712	-0.647858154912126	-0.531029210813008	0.0319578523943677	0.0301290703348694	-0.540144733649224	-0.639392966864659	-0.65509923284991	-0.680780724005868	-0.658250564811691
0.364817936155662	0.387435980055662	0.389759632423803	0.294694212627419	-0.0588204081741265	1.35606903277874	1.3838083035951	2.21869499677959	0.390695178746743	-0.628414968744911	-0.655119759678221	-0.532393918386582	-0.47923194786766	-0.655118442383013	-0.522977692963042	-0.0483593973451383	-0.0708213036937443	-0.536309826236531	-0.65753462990204	-0.659532769877443	-0.683199866830678	-0.657091336008756
0.788622805004356	0.794723132646025	0.857943352220074	0.666663718544366	-0.0325903434523906	0.468190369473309	0.459252254744869	0.448482470918435	2.63294177681217	-0.67595062406431	-0.716671406949825	-0.678391548684584	-0.591621411015962	-0.745223111925362	-0.606841634687083	0.120244794782733	-0.076094813235027	-0.604741036911579	-0.711831305763707	-0.724460223012724	-0.754178702974811	-0.732588762688772
-0.664730042613111	-0.625696411269643	-0.676651203480602	-0.646151285360479	-0.456203731621678	-0.660188084250866	-0.655602008280665	-0.653603662668743	-0.61784677504498	2.71337193426692	1.03847920354889	-0.410534714992401	-0.399223145719936	1.15814471042921	-0.404453576883141	-0.518106910145678	-0.448141967793016	-0.405217380259988	0.81539354425434	0.854655671932454	0.905138272502949	0.859664382777674
-0.769995449966821	-0.763052680688256	-0.780515538935444	-0.716478441211354	-0.535136819377354	-0.77517616105558	-0.797294321563817	-0.756079431947547	-0.722581249782084	1.06051105830826	2.6875088650991	-0.401944514182306	-0.420630117532573	1.18670562907926	-0.377373551985957	-0.593358795753475	-0.514135789817202	-0.385104177935519	0.871276599689154	0.94627617681485	1.01616758646257	0.920197341442521
-1.22168344658157	-1.21980027518246	-1.23760807999064	-1.12772909425711	-0.870867865864567	-1.19631050710065	-1.21497791191969	-1.18916951789156	-1.20477943020404	-1.04874342988667	-0.936027344466172	2.53141522227581	1.21779052408693	-0.974496795726072	1.38134468671975	-0.92026467319183	-0.841363952563079	1.30368167326323	-0.954364622695088	-0.957337904934991	-0.946073366245514	-0.959085318110398
-1.22228886870014	-1.2209326610244	-1.21394277899925	-1.14891403808824	-0.860394546438905	-1.12239085769321	-1.16496396909429	-1.12376880091375	-1.15029793631962	-0.998683463171579	-0.934049178561375	1.77036315187436	3.00197253542429	-0.945875408302522	1.7749897001478	-0.885288780288947	-0.815660223219325	1.94028207905232	-0.940992601467801	-0.929127768878861	-0.90923869596756	-0.913272742924088
-0.717821369877949	-0.703664447511559	-0.704904371036004	-0.695045330282802	-0.471880972402712	-0.704648728802939	-0.713419123171837	-0.694430858702046	-0.689598467969134	1.16900309579833	1.1678772058863	-0.370565350262809	-0.381263157651059	2.63493548950665	-0.375862862159387	-0.525270714757014	-0.458073478190829	-0.383214611013455	0.863002066537217	0.898470802102709	0.906342382391394	0.891356950726649
-1.23202539519865	-1.27690001267721	-1.22613419657284	-1.11396615108184	-0.905562512298721	-1.24276214608182	-1.27691850367008	-1.24429089119983	-1.21994641133305	-1.05647611021227	-0.908651078543565	2.02097480476042	1.812495627947	-0.983318999455179	3.00441056704985	-0.944449906131335	-0.862740347867967	1.88641268413902	-0.949844984763015	-0.934652149952604	-0.921647177007371	-0.944685224040884
1.1152576916964	1.06962616952601	1.25248122550555	0.957169737724219	2.22011395058323	0.941715185437986	1.00935690919264	0.887623397025529	1.08579274986394	-0.0192424910488587	-0.136802390141934	-0.313593028796123	-0.309457789883294	-0.0277206736698138	-0.3597432709655	2.85005806341695	2.04893185542102	-0.316510537119283	-0.0959497948405238	-0.104458668306001	-0.0975663950453261	-0.148242343923717
0.550188344255617	0.512365653845609	0.673096744107344	0.434951722462571	2.28105008925671	0.73932292755962	0.812298976494842	0.647709580570408	0.556463022054664	-0.0613893831115913	-0.155357238390247	-0.323127008737201	-0.329139655896451	-0.0751037041138566	-0.36286784611003	1.93281641002064	2.83793216465175	-0.329182169272309	-0.150463008377086	-0.191778975258791	-0.168784255638073	-0.181879387807752
-1.14484012370914	-1.14125784115092	-1.16071436371634	-1.05321572470883	-0.825685765464645	-1.13535921404026	-1.16711383876323	-1.14055914156216	-1.10006329374244	-0.937048079627869	-0.810021676763025	1.85856723322604	1.89818538482001	-0.879673948729287	1.80774754430267	-0.861098895345319	-0.785427381467502	2.87557147521857	-0.831881978654884	-0.870771112929049	-0.831135763114039	-0.840388578659997
-0.723503535844252	-0.698974124771962	-0.730915291950969	-0.691780646830959	-0.455244268820873	-0.715007500182853	-0.6946577230556	-0.688348737546809	-0.661627675525078	1.06330031463422	1.10284693795795	-0.384094927320665	-0.399249794822353	1.10909942248613	-0.377722157961793	-0.512495657061362	-0.452301203096395	-0.365158041798154	2.36437045799364	1.59630668909694	1.59446144656605	1.63457878518767
-0.759556400037973	-0.727909156772096	-0.762626291413204	-0.735585111634688	-0.494627834183271	-0.721024580328589	-0.740606013144346	-0.719683570371655	-0.696340283341441	0.991175134250099	1.06951730244892	-0.397913877185767	-0.400488810300815	1.03122480580645	-0.376540627396516	-0.545106504478186	-0.500354152160528	-0.404398335543418	1.45943066031026	2.17617482615545	1.4666097533529	1.51400305681317
-0.741085323045077	-0.695883361551407	-0.759672725924612	-0.716811777877643	-0.479438003052469	-0.739134924253536	-0.73794173433657	-0.714921869507528	-0.698055049958685	1.09009497004458	1.18372932791713	-0.365292859023783	-0.370117411480543	1.08177949411173	-0.35144858964792	-0.525830390040595	-0.472994265575233	-0.359273907726806	1.49796820244148	1.50817818657927	2.12515755238365	1.5736948507106
-0.815355855500984	-0.777115314565239	-0.82881433798225	-0.784202981735746	-0.545292583180718	-0.826409620283624	-0.810472572282609	-0.784571361534935	-0.762423678196188	0.908338159481563	0.958301961427798	-0.453125012667225	-0.431003967248065	0.936007352866094	-0.422297812248073	-0.601601156482633	-0.530344452201609	-0.426713378281744	1.41371709131751	1.42878465961824	1.4464821743926	2.05727983300578
